Date,Open,High,Low,Close,Volume,Dividends,Stock Splits
2017-02-08,443.634902230041,445.45248413085943,443.634902230041,445.4524841308594,2400,0.0,0
2017-02-09,445.500266565817,457.69723510742193,445.500266565817,457.6972351074219,3200,0.0,0
2017-02-10,459.1800128806003,465.4937438964844,459.1800128806003,465.4937438964844,2200,0.0,0
2017-02-13,459.84972658371777,468.36368467809046,459.84972658371777,460.4715270996094,3600,0.0,0
2017-02-14,451.0965231304247,457.7450787946489,449.61376600519327,452.4358215332031,3200,0.0,0
2017-02-15,453.2489318847656,453.2489318847656,453.2489318847656,453.2489318847656,1900,0.0,0
2017-02-16,452.10100999020335,452.10100999020335,448.2266609740588,450.5704040527344,2300,0.0,0
2017-02-17,454.10987268410986,460.1844177246094,454.10987268410986,460.1844177246094,3900,0.0,0
2017-02-21,461.95422370634014,469.9898681640625,461.95422370634014,469.9898681640625,1200,0.0,0
2017-02-22,468.79415304875135,469.70295863813,456.6928504826964,462.0499572753906,4400,0.0,0
2017-02-23,462.04992192333424,469.6072543520411,461.3324531004719,466.3069152832031,8100,0.0,0
2017-02-24,466.832975492458,470.7072948615148,462.52816321844966,469.7028503417969,4300,0.0,0
2017-02-27,468.74629220950567,471.61616746793123,465.2067677132285,467.64617919921875,5800,0.0,0
2017-02-28,466.880859375,466.880859375,464.3458087476574,466.880859375,4500,0.0,0
2017-03-01,471.6161031611039,472.1422352091893,468.93756496268895,471.950927734375,3200,0.0,0
2017-03-02,467.1677803220415,471.903056107021,467.1677803220415,471.42474365234375,3200,0.0,0
2017-03-03,469.46376620999035,469.46376620999035,468.50714111328125,468.50714111328125,1800,0.0,0
2017-03-06,463.9631890568698,463.9631890568698,457.4581498363057,457.93646240234375,1800,0.0,0
2017-03-07,453.727197028909,456.4535839446681,440.2005355681279,452.1009521484375,4500,0.0,0
2017-03-08,448.2745176771648,451.67052502869126,448.2745176771648,451.4792175292969,2700,0.0,0
2017-03-09,453.8228787601607,453.8228787601607,449.51806640625,449.51806640625,2200,0.0,0
2017-03-10,459.1799769518965,459.1799769518965,444.9740905761718,444.9740905761719,5500,0.0,0
2017-03-13,447.75461821295426,447.75461821295426,444.2550430018194,444.9261779785156,2400,1.05,0
2017-03-14,444.878232544613,444.878232544613,440.13221383397007,442.28948974609375,2800,0.0,0
2017-03-15,447.6587419659419,447.6587419659419,444.87825870104615,446.79583740234375,2400,0.0,0
2017-03-16,446.60411846402735,446.79588805987146,445.76997631597686,445.9329833984375,3900,0.0,0
2017-03-17,443.9673794876396,454.4661341643958,443.9673794876396,450.2474670410156,12800,0.0,0
2017-03-20,452.30894053265035,461.56125323104015,452.30894053265035,458.1575622558594,5300,0.0,0
2017-03-21,457.5822240121918,457.5822240121918,450.9665832519531,450.9665832519531,2700,0.0,0
2017-03-22,452.06917098718367,452.06917098718367,447.13141176900183,447.4190368652344,2200,0.0,0
2017-03-23,449.19282382885774,454.56205020046286,449.19282382885774,454.0346984863281,6800,0.0,0
2017-03-24,453.5073900373366,454.0826695341904,449.0010681152344,449.0010681152344,2200,0.0,0
2017-03-27,450.77482348172015,451.1391681295895,448.42580704455344,449.3366394042969,2600,0.0,0
2017-03-28,451.68572323179995,451.68572323179995,446.2206115722656,446.2206115722656,1700,0.0,0
2017-03-29,446.70000281830494,446.70000281830494,443.10454234929097,443.44012451171875,4000,0.0,0
2017-03-30,444.59059079378284,448.2339782714843,443.8714988500318,448.2339782714844,5700,0.0,0
2017-03-31,446.7478754931118,448.9051513671875,445.8370139756425,448.9051513671875,7100,0.0,0
2017-04-03,448.95310751428235,455.252360487266,448.95310751428235,451.2062683105469,8800,0.0,0
2017-04-04,451.01460445470025,451.7816536608429,444.5427749062943,447.3712158203125,8600,0.0,0
2017-04-05,445.07006835937506,448.90522610737503,441.3307661471298,445.070068359375,6600,0.0,0
2017-04-06,444.5905813912749,444.5905813912749,440.56365488746286,441.3786315917969,5900,0.0,0
2017-04-07,443.9002704352351,447.70666503906256,441.18688039309984,447.7066650390625,14500,0.0,0
2017-04-10,448.1861361677293,456.7672841138574,448.1861361677293,455.1373596191406,6900,0.0,0
2017-04-11,456.5754415356028,462.8554992675781,455.4248827593985,462.8554992675781,5800,0.0,0
2017-04-12,462.7117086761517,462.7117086761517,456.4316213864654,459.6915283203125,6500,0.0,0
2017-04-13,460.21887580597263,460.21887580597263,450.19951565997553,458.1095275878906,4200,0.0,0
2017-04-17,458.3971998137712,460.69828843053307,457.7739925804712,459.5477294921875,3400,0.0,0
2017-04-18,461.84885931114087,461.84885931114087,457.72604739207134,460.50653076171875,9800,0.0,0
2017-04-19,463.4308347687135,474.69660954842084,459.1642104885975,469.8547058105469,7700,0.0,0
2017-04-20,469.806845221721,477.57304586206664,469.806845221721,476.51837158203125,5900,0.0,0
2017-04-21,477.81266662169907,484.04479724275484,473.4981146532759,482.654541015625,5100,0.0,0
2017-04-24,483.47910924961303,487.20878446906414,483.47910924961303,487.0649719238281,3800,0.0,0
2017-04-25,486.68142462812716,492.67382812500006,486.68142462812716,492.673828125,5600,0.0,0
2017-04-26,492.9135439694712,492.9135439694712,489.98924837816645,491.7150573730469,4200,0.0,0
2017-04-27,489.07848584188116,496.2502411908344,489.07848584188116,491.0919494628906,5400,0.0,0
2017-04-28,494.6393557699344,497.0363286927973,489.60568337199885,495.78985595703125,6000,0.0,0
2017-05-01,497.5732693511254,498.5703890621039,495.9816464918501,496.12548828125,4200,0.0,0
2017-05-02,496.17348899877976,498.61839013915,496.17348899877976,497.0843505859375,3300,0.0,0
2017-05-03,497.7554933539608,499.2895328409693,496.221395347097,497.8513488769531,3500,0.0,0
2017-05-04,499.0019176336868,499.0019176336868,494.2558987544785,494.92706298828125,3900,0.0,0
2017-05-05,496.3173870194371,496.3173870194371,492.38631512435,494.30389404296875,3000,0.0,0
2017-05-08,498.5704660109868,498.5704660109868,495.2626310229038,496.26934814453125,2900,0.0,0
2017-05-09,498.2349270966429,498.2349270966429,491.23571777343756,491.2357177734375,1700,0.0,0
2017-05-10,493.77652127135036,493.77652127135036,485.4829991447009,488.9825744628906,6700,0.0,0
2017-05-11,492.2904600214912,507.9666442871094,490.56462143724957,507.9666442871094,7500,0.0,0
2017-05-12,508.68570530652585,519.7117834247441,508.68570530652585,517.7462768554688,5200,0.0,0
2017-05-15,520.6704921651461,522.7798402258278,517.7461966473122,521.006103515625,2900,0.0,0
2017-05-16,520.3827852788133,520.3827852788133,514.8697479405303,517.074951171875,5800,0.0,0
2017-05-17,516.787507336422,518.4174610857971,513.09619140625,513.09619140625,5300,0.0,0
2017-05-18,510.55532713414726,515.9725103511192,510.55532713414726,515.4451293945312,5000,0.0,0
2017-05-19,514.1028659153177,515.6369054815223,511.89766209395157,513.4317016601562,5600,0.0,0
2017-05-22,511.0346431447499,516.432631017529,511.0346431447499,513.9110107421875,6300,0.0,0
2017-05-23,511.7058917832765,517.1230165410414,508.1583594566828,515.8286743164062,4700,0.0,0
2017-05-24,514.8697478418868,519.471923828125,514.8697478418868,519.471923828125,2800,0.0,0
2017-05-25,517.7462812293394,525.3686687402992,514.5822878813545,523.115478515625,3800,0.0,0
2017-05-26,526.1835539654652,526.4232512894764,523.4031001188478,525.3206787109375,3800,0.0,0
2017-05-30,527.3341443755013,528.7244006419174,522.8278227105027,523.0195922851562,4100,0.0,0
2017-05-31,523.6908452008713,530.2393939789349,520.6227070465314,528.916259765625,6000,0.0,0
2017-06-01,529.2037924579699,542.3871459960938,529.2037924579699,542.3871459960938,6100,0.0,0
2017-06-02,541.1886329516985,564.1899789321891,541.1886329516985,562.2340698242188,5600,0.0,0
2017-06-05,561.8026671545792,565.1105023269441,561.8026671545792,562.6176147460938,2400,0.0,0
2017-06-06,561.5149878410922,562.4737771596838,548.427490234375,548.427490234375,6000,0.0,0
2017-06-07,546.5099122379828,549.4342079591447,545.5990506802817,546.030517578125,3700,0.0,0
2017-06-08,548.3315729456381,553.5569273274864,545.6469163401005,553.2213745117188,4800,0.0,0
2017-06-09,551.3039491099066,562.2341725523796,551.3039491099066,558.3031005859375,5400,0.0,0
2017-06-12,561.9464276765533,561.9464276765533,547.4687315632959,548.5233764648438,8200,0.0,0
2017-06-13,550.7325899266481,559.3295439905532,550.3484042164878,555.1031494140625,6100,1.05,0
2017-06-14,557.3124659796824,557.3124659796824,549.7049080456761,551.59716796875,5000,0.0,0
2017-06-15,546.5061928720472,547.0344848632812,538.6296530062949,547.0344848632812,11100,0.0,0
2017-06-16,541.1751759416497,545.1902774214612,541.1751759416497,542.7120361328125,9800,0.0,0
2017-06-19,547.0154217390993,553.0861206054688,544.585254387946,553.0861206054688,4900,0.0,0
2017-06-20,550.3485127100557,556.1406132316046,546.554318981091,546.6984252929688,7600,0.0,0
2017-06-21,547.0345300661205,549.5800170898438,544.681165226209,549.5800170898438,6500,0.0,0
2017-06-22,551.2609847868982,557.1203303272878,549.6376490655015,554.9110717773438,5400,0.0,0
2017-06-23,555.6794680665737,563.7961461795542,555.6794680665737,560.001953125,15800,0.0,0
2017-06-26,563.8442696809868,576.3314511219627,563.74823789012,573.2096557617188,14000,0.0,0
2017-06-27,573.1614606001253,596.4548494642277,573.1614606001253,588.4342041015625,21600,0.0,0
2017-06-28,581.7104560215809,661.7725263104056,581.7104560215809,637.2784423828125,43400,0.0,0
2017-06-29,634.1566666015149,634.1566666015149,613.8889770507812,613.8889770507812,9600,0.0,0
2017-06-30,615.3779719742421,619.5563518262682,606.0125852605893,617.9234008789062,7200,0.0,0
2017-07-03,618.595674959598,628.8735961914061,616.4344323064007,628.8735961914062,4400,0.0,0
2017-07-05,640.6884233496471,642.513496282438,630.506591796875,630.506591796875,10600,0.0,0
2017-07-06,630.5064554801617,633.0518835042966,626.2800025640255,630.1702270507812,6200,0.0,0
2017-07-07,641.4569869724215,641.4569869724215,627.7210971085483,635.405517578125,8600,0.0,0
2017-07-10,633.9645213276435,641.0726318359375,625.7518108450274,641.0726318359375,12300,0.0,0
2017-07-11,641.0727564792595,664.6543084274903,641.0727564792595,654.328369140625,13100,0.0,0
2017-07-12,656.1532287571226,658.9388537765487,637.66259765625,637.66259765625,14300,0.0,0
2017-07-13,638.575091275511,638.575091275511,611.1033217875204,614.2731323242188,14400,0.0,0
2017-07-14,614.7533689142195,622.2456638723716,614.705353032763,621.4772338867188,4000,0.0,0
2017-07-17,619.6522696894821,619.6522696894821,602.2182804968689,602.2662963867188,8100,0.0,0
2017-07-18,595.5423624481634,608.029541015625,593.6692739375535,608.029541015625,6600,0.0,0
2017-07-19,605.2439262688847,616.4343830070217,605.2439262688847,610.3348999023438,3600,0.0,0
2017-07-20,619.0758417191136,619.0758417191136,601.9300098175931,603.8030395507812,6300,0.0,0
2017-07-21,612.448059966918,612.448059966918,601.3056778852024,607.8854370117188,5700,0.0,0
2017-07-24,602.0743009491047,602.0743009491047,594.9662475585939,594.9662475585938,3900,0.0,0
2017-07-25,606.8769567326648,606.8769567326648,597.41553963393,600.4893188476562,9600,0.0,0
2017-07-26,608.7980403477175,609.7585926545544,599.0003950924894,602.2662963867188,6500,0.0,0
2017-07-27,601.0174933738172,614.7533774251707,598.4239908373146,612.9763793945312,6600,0.0,0
2017-07-28,607.645299870679,610.6230468750001,595.5903814543948,610.623046875,5400,0.0,0
2017-07-31,608.0296606524545,610.6231638214888,607.26123046875,607.26123046875,1900,0.0,0
2017-08-01,609.9508408859738,615.5220336914062,607.8856295485205,615.5220336914062,3800,0.0,0
2017-08-02,610.9112498448626,614.9935970332913,608.990145285602,609.3743896484375,1900,0.0,0
2017-08-03,609.9507151739218,616.6745813254454,609.9507151739218,614.8975830078125,3600,0.0,0
2017-08-04,616.6746253050821,626.4242553710938,616.6746253050821,626.4242553710938,2800,0.0,0
2017-08-07,618.787848521668,620.1325866632812,616.6746215820312,616.6746215820312,2800,0.0,0
2017-08-08,619.6043270878542,619.6043270878542,609.4705107775662,610.8153076171875,2700,0.0,0
2017-08-09,618.595740795358,630.0743536116966,616.5786042220114,619.6043090820312,7500,0.0,0
2017-08-10,610.6231498715264,613.7929609490569,606.2045738181066,608.7500610351562,3100,0.0,0
2017-08-11,608.6538963444249,608.6538963444249,598.3759765625,598.3759765625,2800,0.0,0
2017-08-14,600.2490836656766,604.8117065429688,592.7087138393645,604.8117065429688,6200,0.0,0
2017-08-15,607.8375304085885,608.9902049826289,600.3932495117189,600.3932495117188,2100,0.0,0
2017-08-16,600.3451191454124,601.9300537109375,594.5049454106789,601.9300537109375,3000,0.0,0
2017-08-17,600.3932678218177,600.3932678218177,596.0227661132812,596.0227661132812,1700,0.0,0
2017-08-18,591.4600832114922,592.7087894854724,589.7791166737414,592.3726196289062,3000,0.0,0
2017-08-21,592.3437410275325,592.3437410275325,588.4823608398438,588.4823608398438,2100,0.0,0
2017-08-22,589.3948236016322,593.6212768554688,589.3948236016322,593.6212768554688,1900,0.0,0
2017-08-23,598.4240763018208,598.4720921907995,594.5818671441848,595.5424194335938,4000,0.0,0
2017-08-24,593.6212392852634,593.6212392852634,588.3478172681216,593.5252075195312,2200,0.0,0
2017-08-25,598.4240833277111,598.4240833277111,589.7791126215322,595.2542724609375,4400,0.0,0
2017-08-28,595.5425274220563,600.0571357263949,591.364147656454,596.1188354492188,5400,0.0,0
2017-08-29,592.2189919034129,592.7568989352973,581.8066360803357,584.6882934570312,9000,0.0,0
2017-08-30,582.1428317284751,591.6043090434314,582.0948158289011,589.7792358398438,11100,0.0,0
2017-08-31,598.4240509408821,598.5200827147696,590.4034631152093,597.6076049804688,4600,0.0,0
2017-09-01,595.5423925781249,600.3451538085936,593.1410119628906,600.3451538085938,2400,0.0,0
2017-09-05,609.2109643118183,643.5699330820736,609.2109643118183,621.4772338867188,7800,0.0,0
2017-09-06,624.358917514604,632.0433349609376,619.1238964037988,632.0433349609375,8600,0.0,0
2017-09-07,633.0041218984492,660.8601454721289,630.266570618922,644.0504760742188,11300,0.0,0
2017-09-08,635.5494624329187,646.6438299415253,633.6763736938775,638.046875,4500,0.0,0
2017-09-11,645.8754840869018,662.6851517863792,645.4912396599265,653.1756591796875,9000,0.0,0
2017-09-12,657.0177390839223,657.978291334045,642.6574712190967,644.4825439453125,6700,0.0,0
2017-09-13,647.0761430422721,649.3334177149993,638.7673413912345,641.9851684570312,7000,0.0,0
2017-09-14,644.7276045146928,644.7276045146928,623.7018098606242,636.9812622070312,10000,1.2,0
2017-09-15,634.8161888758666,642.7549996403301,614.848876953125,614.848876953125,15300,0.0,0
2017-09-18,621.6328167701402,640.2529093830191,615.8110351088892,632.6990356445312,5500,0.0,0
2017-09-19,631.9774082293821,637.106377222542,622.7876457108855,623.364990234375,14000,0.0,0
2017-09-20,632.8915050316073,646.2671604664305,627.0504589624636,637.029296875,2300,0.0,0
2017-09-21,634.1906409206954,634.1906409206954,621.007392786067,624.8084106445312,3100,0.0,0
2017-09-22,625.4820798135189,635.1048810414193,623.7980895986365,626.7330322265625,4400,0.0,0
2017-09-25,633.2764608798618,633.2764608798618,616.1478881835938,616.1478881835938,1800,0.0,0
2017-09-26,615.8590952204434,624.5196137469809,611.192061507636,619.0346069335938,4200,0.0,0
2017-09-27,618.7459975065011,642.6586303710938,618.7459975065011,642.6586303710938,3900,0.0,0
2017-09-28,639.3389296786727,654.3504759273691,639.3389296786727,647.9994506835938,2400,0.0,0
2017-09-29,649.538939339774,658.48813075743,646.652099609375,646.652099609375,3600,0.0,0
2017-10-02,646.6520949153715,653.0031187829858,646.6520949153715,651.5115966796875,1800,0.0,0
2017-10-03,658.8731450413346,659.16181730233,658.8731450413346,659.0656127929688,2400,0.0,0
2017-10-04,659.1617479635424,667.8222672798518,654.2059828616033,654.30224609375,7500,0.0,0
2017-10-05,657.3815503954336,657.3815503954336,639.9642486155,645.6417236328125,6000,0.0,0
2017-10-06,643.1879614955063,656.6598812023178,633.6132639572978,641.455810546875,11400,0.0,0
2017-10-09,639.7237976794569,639.7237976794569,625.4339617111663,635.0567626953125,9300,0.0,0
2017-10-10,648.3843192756661,648.3843192756661,637.7030336647261,638.9058837890625,1200,0.0,0
2017-10-11,634.1906339803786,639.9162118328336,632.7953162079955,639.8200073242188,4300,0.0,0
2017-10-12,636.5003051021888,643.7174072265625,634.2870721972996,643.7174072265625,4600,0.0,0
2017-10-13,635.6821560070036,659.5948496793559,635.6821560070036,638.8577270507812,3100,0.0,0
2017-10-16,644.0540073201006,652.233387511445,639.3869727040864,651.8485107421875,3400,0.0,0
2017-10-17,640.2049474113778,653.2919921875001,640.2049474113778,653.2919921875,1800,0.0,0
2017-10-18,662.0486627337128,663.3477172851564,659.0656181244439,663.3477172851562,4600,0.0,0
2017-10-19,649.6354370117188,649.6354370117188,649.6354370117188,649.6354370117188,1300,0.0,0
2017-10-20,659.4986379651671,659.4986379651671,649.4428579839072,649.5390625,2900,0.0,0
2017-10-23,636.4520797898443,646.267289795084,629.8123236259082,630.7265014648438,5000,0.0,0
2017-10-24,635.5379009660159,636.8850578602768,624.2792120994882,625.4339599609375,6500,0.0,0
2017-10-25,623.6055606091256,626.9735407082615,615.9073203825295,624.8084106445312,4000,0.0,0
2017-10-26,618.9385693148156,625.4339599609375,618.361166017633,625.4339599609375,4600,0.0,0
2017-10-27,633.1802547957913,636.8369071346557,623.4804557239171,635.4415893554688,3100,0.0,0
2017-10-30,633.1803035221851,643.621019076459,628.32080078125,628.32080078125,7000,0.0,0
2017-10-31,632.0735129021297,632.8433837890626,621.7097985785299,632.8433837890625,6900,0.0,0
2017-11-01,632.843503596639,632.843503596639,622.7395629882812,622.7395629882812,1800,0.0,0
2017-11-02,625.8188613299244,632.2180477108807,625.8188613299244,629.57177734375,2500,0.0,0
2017-11-03,631.7367573994525,637.029296875,628.9557543791313,637.029296875,3200,0.0,0
2017-11-06,632.5547919294502,643.2168717425566,624.7122444572586,631.2557373046875,2700,0.0,0
2017-11-07,641.503921924761,641.503921924761,635.10473706571,637.029296875,2200,0.0,0
2017-11-08,630.389567755361,630.389567755361,618.0242939694159,623.7979736328125,3000,0.0,0
2017-11-09,621.7773544604134,625.2896418362,612.0101872555413,620.7188110351562,5500,0.0,0
2017-11-10,616.6772830996573,619.70848942152,609.6526489257812,609.6526489257812,4500,0.0,0
2017-11-13,610.0855723389244,615.3781127929688,602.6760039566793,615.3781127929688,3300,0.0,0
2017-11-14,616.0998603376512,620.574486486922,615.8592903023768,617.976318359375,3200,0.0,0
2017-11-15,620.7187621163777,620.7187621163777,612.0101390230882,615.3300170898438,4200,0.0,0
2017-11-16,618.2167907517392,619.7083129882812,616.8214730209446,619.7083129882812,3300,0.0,0
2017-11-17,618.2649055471722,618.2649055471722,615.2337000268118,617.6875610351562,900,0.0,0
2017-11-20,618.745994011995,618.745994011995,614.2232666015625,614.2232666015625,1400,0.0,0
2017-11-21,617.5913651510429,630.1491088867186,617.5913651510429,630.1491088867188,2900,0.0,0
2017-11-22,631.4000657937002,631.5443725585938,631.4000657937002,631.5443725585938,1400,0.0,0
2017-11-24,631.5925738267466,645.0933929691064,631.5925738267466,640.8786010742188,1000,0.0,0
2017-11-27,639.6275652131336,647.3258056640625,631.351921488637,647.3258056640625,3400,0.0,0
2017-11-28,645.7379954743164,649.5390132987209,643.2649287757334,644.6314086914062,3900,0.0,0
2017-11-29,654.3503879865859,654.3503879865859,647.6144281102534,648.6729125976562,2900,0.0,0
2017-11-30,651.5651319263058,651.5651319263058,641.732357759615,650.3118896484375,4700,1.2,0
2017-12-01,650.1189786160968,650.1189786160968,638.2617797851561,638.2617797851562,2100,0.0,0
2017-12-04,645.877312144484,645.877312144484,638.1653442382812,638.1653442382812,2600,0.0,0
2017-12-05,642.9371901257822,642.9371901257822,634.839599609375,634.839599609375,1300,0.0,0
2017-12-06,635.2734139638724,635.2734139638724,626.5974492815129,629.971435546875,2900,0.0,0
2017-12-07,628.6701090493724,628.6701090493724,621.7775130824659,623.7055053710938,7800,0.0,0
2017-12-08,624.6694077739425,626.5973997732448,615.2704467773438,615.2704467773438,4900,0.0,0
2017-12-11,621.7774997452667,621.7774997452667,611.2217304239209,612.667724609375,2100,0.0,0
2017-12-12,614.4028813849008,614.4028813849008,607.3657217302679,607.5585327148438,1600,0.0,0
2017-12-13,606.5463256835938,606.5463256835938,606.5463256835938,606.5463256835938,1600,0.0,0
2017-12-14,602.6903375080212,602.6903375080212,598.2559204101562,598.2559204101562,2500,0.0,0
2017-12-15,595.8941753498383,609.7274949815538,590.0619522407651,607.3175048828125,14600,0.0,0
2017-12-18,614.0656316825427,619.849609375,614.0656316825427,619.849609375,1600,0.0,0
2017-12-19,610.5758612707845,637.7894526463972,610.5758612707845,618.30712890625,2700,0.0,0
2017-12-20,621.2472654419166,621.7774515012483,619.4156494140625,619.4156494140625,6700,0.0,0
2017-12-21,622.5004988257481,622.5004988257481,616.6683340266575,616.8611450195312,1900,0.0,0
2017-12-22,616.9575087806602,624.862288629443,614.1137084960938,614.1137084960938,2000,0.0,0
2017-12-26,614.8366913907836,614.8366913907836,607.5585327148438,607.5585327148438,1900,0.0,0
2017-12-27,607.462065876719,607.51025390625,603.2686482299513,607.51025390625,1600,0.0,0
2017-12-28,604.9075551206279,610.2095336914062,604.9075551206279,610.2095336914062,1500,0.0,0
2017-12-29,608.3779331228133,612.6195396230067,607.8959350585938,607.8959350585938,3500,0.0,0
2018-01-02,607.2693583754894,607.8959205414193,597.0509643554688,597.0509643554688,4800,0.0,0
2018-01-03,598.8343378165761,599.6055228630182,580.3737905470688,587.4109497070312,2500,0.0,0
2018-01-04,585.2419780455573,585.2419780455573,571.8424682617188,571.8424682617188,1600,0.0,0
2018-01-05,571.649675855572,586.755477965611,509.6647396340411,573.5294799804688,13100,0.0,0
2018-01-08,579.07248588528,588.0858261474565,573.674072265625,573.674072265625,4000,0.0,0
2018-01-09,582.1572875976562,582.1572875976562,582.1572875976562,582.1572875976562,1300,0.0,0
2018-01-10,581.1932152013982,581.1932152013982,567.6297843446533,575.505615234375,2300,0.0,0
2018-01-11,569.7216938862512,584.9817685912834,569.1915077999112,572.08349609375,1800,0.0,0
2018-01-12,573.3366791431786,573.3366791431786,561.0939169340871,563.3110961914062,2200,0.0,0
2018-01-16,563.937744140625,563.937744140625,561.5759418207101,563.937744140625,2200,0.0,0
2018-01-17,565.3835730724151,565.3835730724151,545.6698459266591,556.7557983398438,8700,0.0,0
2018-01-18,554.2976316829045,568.6611938476562,549.1402772536061,568.6611938476562,7500,0.0,0
2018-01-19,568.9505388797924,589.1944580078125,568.709539842554,589.1944580078125,2200,0.0,0
2018-01-22,588.2304781827602,594.3036423221706,581.5788810353323,586.977294921875,4500,0.0,0
2018-01-23,586.5916240258507,586.5916240258507,574.0596747861858,585.1456298828125,2100,0.0,0
2018-01-24,583.2176520840434,590.0620009949268,574.5416870117188,574.5416870117188,6300,0.0,0
2018-01-25,576.9033873893495,584.422544023275,575.8429565429688,575.8429565429688,1600,0.0,0
2018-01-26,573.1920776367188,573.1920776367188,573.1920776367188,573.1920776367188,2900,0.0,0
2018-01-29,560.0816172861682,561.0456131851117,558.1536254882812,558.1536254882812,1900,0.0,0
2018-01-30,552.369771535773,552.369771535773,549.477783203125,549.477783203125,1900,0.0,0
2018-01-31,550.7309305095926,562.5880701336408,548.0317533424543,554.683349609375,3000,0.0,0
2018-02-01,557.5271446541674,557.5271446541674,542.2960173927543,547.0678100585938,2800,0.0,0
2018-02-02,539.8860238019535,539.8860238019535,523.1125263504903,530.2942504882812,8200,0.0,0
2018-02-05,526.0046118613367,539.8861234695745,525.3779907226562,525.3779907226562,7900,0.0,0
2018-02-06,525.5707071757017,526.8238903898849,507.06196952439063,521.5219116210938,10200,0.0,0
2018-02-07,524.4140004861616,535.0179600548157,524.4140004861616,532.9935913085938,5300,0.0,0
2018-02-08,532.2704746359625,532.2704746359625,523.931884765625,523.931884765625,3100,0.0,0
2018-02-09,516.7018980502633,526.1490478515625,507.06193726574344,526.1490478515625,3800,0.0,0
2018-02-12,525.522647358793,546.5859446171737,520.6062305437619,545.6219482421875,6400,0.0,0
2018-02-13,544.1277075530891,552.369863911992,534.9407948379196,541.0429077148438,6100,0.0,0
2018-02-14,544.6577418254233,552.0323347851979,540.8017578125,540.8017578125,9900,0.0,0
2018-02-15,544.6578270637862,547.3570045277215,522.3895394392495,528.8482666015625,10200,0.0,0
2018-02-16,526.100791191924,535.0177537544989,525.5224171553549,527.3057861328125,3000,0.0,0
2018-02-20,522.3412629272872,535.0660232069577,516.12353515625,516.12353515625,10800,0.0,0
2018-02-21,520.4133609461089,520.6061719669456,498.2414468161339,507.8332214355469,10900,0.0,0
2018-02-22,515.7378950086459,561.913330078125,511.15891369782145,561.913330078125,4600,0.0,0
2018-02-23,554.2497349366604,564.0342629702903,526.0046525414751,528.0772094726562,6900,0.0,0
2018-02-26,519.5939184570312,543.1154477626898,508.73931252755904,530.1978759765625,10600,0.0,0
2018-02-27,539.5006366675831,539.5006366675831,523.6428833007812,523.6428833007812,3700,0.0,0
2018-02-28,517.7140379258025,600.5695055561786,517.7140379258025,567.697265625,28000,0.0,0
2018-03-01,567.0707684553955,580.3257162943445,554.2978187196811,558.732177734375,8800,0.0,0
2018-03-02,554.2978278791489,574.9273705735412,543.1636832779781,549.1886596679688,9800,0.0,0
2018-03-05,555.2617977365508,578.783327981287,550.441816853421,561.1421508789062,17600,0.0,0
2018-03-06,557.1897487101454,575.9876727583251,552.3697681849711,575.60205078125,8000,0.0,0
2018-03-07,571.1195398620426,607.0765850578421,569.8181097363791,591.9418334960938,12300,0.0,0
2018-03-08,595.1712996828791,612.9955806737337,595.1712996828791,598.6416625976562,7400,0.0,0
2018-03-09,601.6781480799505,603.1723301649315,581.7716064453125,581.7716064453125,5700,0.0,0
2018-03-12,580.9040681276467,589.6282805305759,576.4697092836047,578.8796997070312,9600,0.0,0
2018-03-13,584.1335205974813,592.1346774466481,573.963372255836,578.9279174804688,7900,0.0,0
2018-03-14,582.9847111421328,584.7523724893047,565.6463251042501,581.5841064453125,15700,1.2,0
2018-03-15,586.3172192086492,595.0105552430443,573.4027902828789,586.70361328125,12800,0.0,0
2018-03-16,585.8341064453126,593.1268357979372,578.058414103038,585.8341064453125,27100,0.0,0
2018-03-19,586.3655485625877,590.1809692382812,579.5074954154899,590.1809692382812,12900,0.0,0
2018-03-20,594.0444921915941,606.0219982179602,592.112640184467,601.8684692382812,12300,0.0,0
2018-03-21,602.6896061107516,623.9882649739583,602.6896061107516,608.533447265625,7100,0.0,0
2018-03-22,603.7040679052534,610.4655534657923,586.8003540039062,586.8003540039062,9200,0.0,0
2018-03-23,586.9450595424438,599.8401503025141,578.1068115234375,578.1068115234375,5800,0.0,0
2018-03-26,584.626787564539,604.6697546722866,584.626787564539,603.4140625,11500,0.0,0
2018-03-27,603.6555729043722,618.19275,600.80607890625,603.703857421875,3800,0.0,0
2018-03-28,608.3886750530957,617.3331622971357,607.5676612552069,612.2523803710938,4600,0.0,0
2018-03-29,612.2523458155823,621.0423102912013,606.1187375516267,609.7892456054688,14900,0.0,0
2018-04-02,611.4313324405874,611.4313324405874,560.8167720181395,577.52734375,15300,0.0,0
2018-04-03,581.101166421508,583.6126098632812,560.2371845115364,583.6126098632812,11100,0.0,0
2018-04-04,575.6919208447108,595.1070107004157,575.6919208447108,585.49609375,9100,0.0,0
2018-04-05,587.2831582255748,604.1868675495016,584.0956134012976,588.2490844726562,12600,0.0,0
2018-04-06,581.8255994022388,594.0445889190978,560.7684208869291,581.487548828125,10200,0.0,0
2018-04-09,593.0787892514061,594.5276788016946,574.2432250976562,574.2432250976562,16200,0.0,0
2018-04-10,578.6380386932098,583.4676693624718,578.6380386932098,580.5216064453125,6300,0.0,0
2018-04-11,579.0245276929567,589.1667537618024,567.52031253695,589.1184692382812,6900,0.0,0
2018-04-12,587.331383914326,590.6638409240396,583.4193947965985,586.5586547851562,7000,0.0,0
2018-04-13,587.6695603151045,592.9338112690704,585.0615476213516,586.5104370117188,4800,0.0,0
2018-04-16,591.1951534228646,596.6526603535639,582.4535325937682,585.9791870117188,16000,0.0,0
2018-04-17,594.0446649940269,596.9424438476562,581.5649139052589,596.9424438476562,9300,0.0,0
2018-04-18,596.9425160438709,605.6358536561603,592.98224138046,599.0675659179688,7900,0.0,0
2018-04-19,594.8174411706892,609.6927307087242,594.8174411706892,608.195556640625,5100,0.0,0
2018-04-20,606.9397022991146,618.1927660762794,605.7322945528718,614.1358642578125,8100,0.0,0
2018-04-23,621.0905608770131,621.0905608770131,611.9142617660775,612.8801879882812,3400,0.0,0
2018-04-24,621.0423562768194,623.4281660540646,595.8799867414436,606.6017456054688,6300,0.0,0
2018-04-25,615.2950243406658,617.7098399777955,602.013538336452,610.4653930664062,5300,0.0,0
2018-04-26,605.6647678213795,615.0535427190352,605.6357617351159,608.2437744140625,4500,0.0,0
2018-04-27,609.4029670824336,618.1928734191758,606.5051879882811,606.5051879882812,4300,0.0,0
2018-04-30,613.363182446363,613.363182446363,585.2547515258872,600.9027099609375,5200,0.0,0
2018-05-01,598.8743166003976,608.4852952466096,598.8743166003976,607.326171875,4500,0.0,0
2018-05-02,614.1841555761888,615.0535127452908,611.2863769531251,611.286376953125,4400,0.0,0
2018-05-03,608.5335337026513,614.1649002125394,602.6896917177098,607.1812133789062,18100,0.0,0
2018-05-04,606.6015844976625,612.2812346230894,600.3230649128938,607.5192260742188,8000,0.0,0
2018-05-07,608.8523372072567,610.9000962334362,600.2266224792872,601.33740234375,6500,0.0,0
2018-05-08,594.5757861972928,600.0815766392376,586.8000930516489,595.8798217773438,17900,0.0,0
2018-05-09,595.783304496341,608.9971686389557,587.6212158203125,587.6212158203125,11500,0.0,0
2018-05-10,580.8114624107023,588.63550067943,572.5045199557418,578.58984375,12900,0.0,0
2018-05-11,578.9085777341794,588.2490677707283,571.3453589267418,574.484619140625,11500,0.0,0
2018-05-14,575.209093878484,575.209093878484,560.2372366910508,565.308349609375,7600,0.0,0
2018-05-15,560.2854938758247,564.43896484375,556.3735044636562,564.43896484375,5000,0.0,0
2018-05-16,571.4419213641062,582.4535037231445,571.4419213641062,579.5557250976562,8000,0.0,0
2018-05-17,589.2150153546605,589.2150153546605,569.4135271337252,576.5130615234375,3000,0.0,0
2018-05-18,575.6919979929091,575.6919979929091,572.794219479522,574.19482421875,4000,0.0,0
2018-05-21,575.4504586849183,584.1437933524202,573.0356434995011,579.1692504882812,8600,0.0,0
2018-05-22,591.1468214186947,591.1468214186947,573.0357055664062,573.0357055664062,5500,0.0,0
2018-05-23,579.9903342415435,579.9903342415435,564.5838012695312,564.5838012695312,3000,0.0,0
2018-05-24,564.9701935930087,571.3452822044884,559.3677751069481,561.2513427734375,10500,0.0,0
2018-05-25,559.609192426286,569.6548461914062,554.5380810358581,569.6548461914062,9700,0.0,0
2018-05-29,561.2514554848274,567.6748888551282,558.7883552519053,563.5697021484375,5700,0.0,0
2018-05-30,562.9900690433632,578.1068378423082,562.9900690433632,575.6437377929688,6500,0.0,0
2018-05-31,574.7261155985169,579.4591777797473,567.9646318855932,569.896484375,5500,0.0,0
2018-06-01,573.4704877913299,579.5558120265151,570.4277961960044,573.76025390625,5400,0.0,0
2018-06-04,578.9761500922128,579.5556821922239,559.8991088867188,559.8991088867188,18500,0.0,0
2018-06-05,561.1064656127841,563.134886734107,545.1203423327324,553.6688232421875,18000,0.0,0
2018-06-06,559.1747110435158,559.1747110435158,541.5465575693936,548.8875732421875,11200,0.0,0
2018-06-07,555.1661333144599,557.7741460798002,542.0778439199743,550.1915893554688,4700,0.0,0
2018-06-08,548.4528800183956,556.3734865837697,547.6318663373902,553.4757080078125,13800,0.0,0
2018-06-11,555.3109124320066,561.1547532718815,551.3988647460938,551.3988647460938,14300,0.0,0
2018-06-12,556.8565250175203,557.53268523448,548.1631881135173,551.6888427734375,11700,0.0,0
2018-06-13,554.4416074059002,560.9616088867188,551.5438289699808,560.9616088867188,9300,0.0,0
2018-06-14,560.284104676777,587.43448414755,560.284104676777,567.1080322265625,21300,1.2,0
2018-06-15,564.9785861330053,568.075962070177,555.1057261796908,562.3651733398438,16100,0.0,0
2018-06-18,567.1080877780533,567.4468383789062,558.9774825822062,567.4468383789062,15700,0.0,0
2018-06-19,566.2368606735062,573.9802707339985,563.3330819008215,572.5283813476562,14800,0.0,0
2018-06-20,579.2263877023904,592.3708422134756,570.108539319832,585.3049926757812,15900,0.0,0
2018-06-21,587.1924455427929,587.4828115836688,576.8840080102569,583.8530883789062,9900,0.0,0
2018-06-22,587.4344675573294,591.9836736919995,580.9202836910447,584.6758422851562,15600,0.0,0
2018-06-25,579.5457995237417,584.6757964555866,575.0449191615659,577.8519287109375,13100,0.0,0
2018-06-26,579.0134301082513,581.7719959826487,577.8132111442675,578.1422729492188,3300,0.0,0
2018-06-27,580.7558161647454,580.7558161647454,570.0602416992188,570.0602416992188,3200,0.0,0
2018-06-28,570.3989772890396,582.6916535566555,569.7698606179331,579.8846435546875,7100,0.0,0
2018-06-29,580.2717567819384,588.9347080856812,576.3032829937565,580.1749877929688,7700,0.0,0
2018-07-02,580.2717975147513,583.4659423828125,574.4642399082651,583.4659423828125,6300,0.0,0
2018-07-03,583.369146684327,588.4507593574003,582.7883555037445,585.4985961914062,2400,0.0,0
2018-07-05,588.4991093445892,619.4243621856857,585.643715337363,611.632568359375,13300,0.0,0
2018-07-06,610.5678284612231,624.2640076723156,610.5678284612231,616.9561767578125,8400,0.0,0
2018-07-09,617.4402265376659,624.3124798162575,611.9230346679689,611.9230346679688,7000,0.0,0
2018-07-10,614.3428292528197,615.5527371176324,598.9527775813888,601.4694213867188,7200,0.0,0
2018-07-11,600.162705137634,607.7609622244776,593.3872208723781,594.3067626953125,5300,0.0,0
2018-07-12,595.4197482830975,603.9858704103129,582.0139367064853,603.0179443359375,11600,0.0,0
2018-07-13,601.1789229002145,601.1789229002145,595.8553289444558,597.21044921875,3400,0.0,0
2018-07-16,596.7265046419707,603.0664094613475,585.6437377929689,585.6437377929688,5500,0.0,0
2018-07-17,583.127237469719,597.3073229557799,583.127237469719,596.6298217773438,2500,0.0,0
2018-07-18,595.2746191959179,605.7282104492188,595.2746191959179,605.7282104492188,1800,0.0,0
2018-07-19,607.7124171247183,612.6004915043877,607.7124171247183,611.1001586914062,3300,0.0,0
2018-07-20,610.9066568494434,611.7293705047123,608.4190793769168,609.7935180664062,4400,0.0,0
2018-07-23,608.2449177731643,620.1987840890883,607.8093391174857,619.4728393554688,3000,0.0,0
2018-07-24,619.4243632548568,620.5858864723888,608.9707724521181,612.1649169921875,7600,0.0,0
2018-07-25,613.7136725751834,615.4075436384809,613.5685190734214,615.2623901367188,3100,0.0,0
2018-07-26,615.1171797259404,619.4728481897748,611.9230346679689,611.9230346679688,3500,0.0,0
2018-07-27,613.4716258836821,619.4727802579365,607.78021498886,609.7935180664062,3800,0.0,0
2018-07-30,609.7936002707409,618.3113403320312,609.7936002707409,618.3113403320312,3100,0.0,0
2018-07-31,618.3113032153233,668.8661335947771,608.1480771542342,665.9332885742188,20800,0.0,0
2018-08-01,666.4656100141327,671.9828014744414,640.863948794235,647.5426635742188,8800,0.0,0
2018-08-02,645.5583651794942,655.2860112863345,645.5583651794942,651.414306640625,10400,0.0,0
2018-08-03,647.5233261614758,661.1420564788025,594.5003534396408,615.6011352539062,13800,0.0,0
2018-08-06,616.0367121979177,627.9421940028111,613.665280921437,621.40869140625,17800,0.0,0
2018-08-07,616.0367781010094,627.9422611795412,604.0828514397381,607.8577880859375,8500,0.0,0
2018-08-08,605.970226817537,620.2471392364131,604.9539160540724,614.6331787109375,13700,0.0,0
2018-08-09,617.536873208517,624.6027221679688,616.5689470749613,624.6027221679688,1900,0.0,0
2018-08-10,620.8763659021658,620.8763659021658,609.7935974348663,616.7142944335938,9800,0.0,0
2018-08-13,620.4406430262216,629.1519781077129,613.0166662262567,623.3444213867188,22100,0.0,0
2018-08-14,628.6680881414719,639.9734594501551,628.6680881414719,635.879150390625,9300,0.0,0
2018-08-15,636.9438592831706,651.0756180304115,636.9438592831706,647.5426635742188,5300,0.0,0
2018-08-16,649.9626476612916,657.7060596959756,634.3790545725082,636.7504272460938,9500,0.0,0
2018-08-17,635.1048763337686,646.6715485563074,633.749755859375,633.749755859375,4700,0.0,0
2018-08-20,634.6692598829442,638.8313309814079,629.3456654580991,632.0558471679688,3500,0.0,0
2018-08-21,635.7339570404774,635.7339570404774,624.3124389648438,624.3124389648438,1800,0.0,0
2018-08-22,622.6185302734375,622.6185302734375,622.6185302734375,622.6185302734375,1200,0.0,0
2018-08-23,628.1841354868556,632.0558404821521,620.8763041237394,623.0541381835938,5500,0.0,0
2018-08-24,624.7962801214685,626.4417662610723,620.4406127929688,620.4406127929688,3100,0.0,0
2018-08-27,624.0220123798605,636.8276566788162,624.0220123798605,628.7164306640625,3600,0.0,0
2018-08-28,630.2168575688713,635.4436837778004,624.5545117404808,625.2804565429688,3200,0.0,0
2018-08-29,632.9269569011846,632.9269569011846,628.5712890625,628.5712890625,1600,0.0,0
2018-08-30,617.0529647100539,621.4086326962425,609.7935180664062,609.7935180664062,2200,0.0,0
2018-08-31,610.0838658555225,634.0400390625,610.0838658555225,634.0400390625,3100,0.0,0
2018-09-04,631.1363547406138,635.395254244409,627.7969970703125,627.7969970703125,5500,0.0,0
2018-09-05,628.66806046744,628.66806046744,627.7001342773439,627.7001342773438,1100,0.0,0
2018-09-06,629.3745437575111,629.3745437575111,617.4884424483953,621.6505126953125,1700,0.0,0
2018-09-07,620.4892028079453,620.4892028079453,615.7463989257812,615.7463989257812,2200,0.0,0
2018-09-10,615.6011144175616,619.230837969552,615.6011144175616,616.423828125,1800,0.0,0
2018-09-11,610.0355040696301,619.6663818359375,610.0355040696301,619.6663818359375,5900,0.0,0
2018-09-12,622.3765804644768,629.1036797360141,621.4086542118104,622.1829833984375,5400,0.0,0
2018-09-13,623.2984313477879,623.686440372467,613.5503114218416,620.7765502929688,3500,1.35,0
2018-09-14,615.2476744066769,620.3884677643335,609.7188720703126,609.7188720703125,1900,0.0,0
2018-09-17,605.2570703675294,624.6078491210938,605.2570703675294,624.6078491210938,10000,0.0,0
2018-09-18,618.7881154473463,624.8503862327426,617.8666384475935,622.66796875,5400,0.0,0
2018-09-19,616.9450927658252,623.4438581646613,614.9566800099499,616.8966064453125,6500,0.0,0
2018-09-20,615.9266755666362,623.6863817155072,615.8297029205191,622.6194458007812,8500,0.0,0
2018-09-21,622.3285849867794,643.1343148070775,622.3285849867794,638.1390380859375,26800,0.0,0
2018-09-24,638.235988892201,641.8733520507812,635.3260983653369,641.8733520507812,14400,0.0,0
2018-09-25,641.4852152527478,665.7052300343435,640.1273021316836,657.150146484375,13900,0.0,0
2018-09-26,661.447068707969,683.5331520818224,660.2540327887973,678.5863037109375,18000,0.0,0
2018-09-27,680.9628057645463,683.8242096880117,666.3648681640625,666.3648681640625,4500,0.0,0
2018-09-28,664.4249127451124,673.9305419921875,657.7806872984078,673.9305419921875,5400,0.0,0
2018-10-01,675.5408088405767,675.5408088405767,656.6652975854888,658.605224609375,9400,0.0,0
2018-10-02,650.8455036258823,661.5151020459787,645.5107044158341,655.3073120117188,5500,0.0,0
2018-10-03,655.666135539009,659.2259438665571,643.2797430940634,650.0112915039062,8800,0.0,0
2018-10-04,650.1664798735878,653.9978472894804,644.2885038144112,647.8773803710938,9800,0.0,0
2018-10-05,649.0024581981894,659.293814404782,649.0024581981894,657.2180786132812,9100,0.0,0
2018-10-08,657.635138614076,664.7255681977255,639.6520397646451,663.901123046875,8700,0.0,0
2018-10-09,663.144523231575,675.3369694101038,663.144523231575,663.901123046875,7700,0.0,0
2018-10-10,663.4452175084721,688.2181191779673,652.8338161679422,659.5750732421875,20000,0.0,0
2018-10-11,687.5294964463319,688.6740462076356,662.0000514601568,677.0344848632812,13800,0.0,0
2018-10-12,682.3497469282676,696.5403144021204,660.156982421875,660.156982421875,9500,0.0,0
2018-10-15,664.919525631576,670.0215418652597,659.5750185822371,659.8078002929688,6700,0.0,0
2018-10-16,660.5449403684067,687.0928284632176,659.574977166691,670.23486328125,8800,0.0,0
2018-10-17,666.3647455504774,676.0449597362959,659.6234891954394,673.6297607421875,8300,0.0,0
2018-10-18,665.5695145646829,671.2147089610363,659.5751475339663,668.285400390625,10400,0.0,0
2018-10-19,667.8584899842599,674.1244740339936,663.0668690525481,668.9060668945312,9500,0.0,0
2018-10-22,669.7596900437308,672.1845984073939,655.7437078613856,658.585693359375,9300,0.0,0
2018-10-23,649.0024016080982,667.6741945939153,649.0024016080982,664.4733276367188,9200,0.0,0
2018-10-24,664.4345874033708,672.0876122538176,656.8591761955242,657.7515258789062,6300,0.0,0
2018-10-25,663.4549282942896,678.9743418216415,663.4549282942896,669.0516357421875,7700,0.0,0
2018-10-26,665.8894616882467,670.1476144456253,659.5749916342744,662.20361328125,7600,0.0,0
2018-10-29,665.7828456469526,669.2843990190679,657.6254209835135,660.9620971679688,9200,0.0,0
2018-10-30,659.5749921795051,663.4645541792138,659.5749921795051,662.5722045898438,3800,0.0,0
2018-10-31,657.6350749322013,668.1106660553515,657.6350749322013,661.6895141601562,2900,0.0,0
2018-11-01,659.710834006203,665.1814410685608,645.2680666781215,653.270263671875,6300,0.0,0
2018-11-02,656.1122255453183,667.1407028179884,653.8716128350837,661.6895141601562,6200,0.0,0
2018-11-05,659.7690621472154,665.5112284254668,657.9261081583506,664.036865234375,2200,0.0,0
2018-11-06,665.3948582863408,673.9693603515624,658.7991193448665,673.9693603515625,7700,0.0,0
2018-11-07,675.763763547746,688.7515869140625,675.763763547746,688.7515869140625,2800,0.0,0
2018-11-08,688.247163970779,695.1920752225208,688.247163970779,688.6739501953125,1600,0.0,0
2018-11-09,687.7039482469813,691.5838012695314,687.7039482469813,691.5838012695312,6100,0.0,0
2018-11-12,663.4548952749085,698.1310831492915,663.4548952749085,695.4636840820312,3300,0.0,0
2018-11-13,692.5538301350691,705.6483353266987,685.7640867023724,705.6095581054688,23800,0.0,0
2018-11-14,708.073200598995,708.073200598995,696.4336411370937,703.2330932617188,16900,0.0,0
2018-11-15,700.3134411852295,704.1932940449815,689.6244276120188,703.3397216796875,18700,0.0,0
2018-11-16,707.5882189547491,712.8260443933491,702.3503935161492,703.2330932617188,6300,0.0,0
2018-11-19,703.223435367106,703.2331444729957,697.6752733697947,700.4202270507812,10400,0.0,0
2018-11-20,696.6275928088364,703.3397216796875,677.3447193597207,703.3397216796875,8000,0.0,0
2018-11-21,712.4187858484459,713.893149340597,698.8587148096469,710.1588134765625,10700,0.0,0
2018-11-23,710.0033970784124,717.7728122618141,710.0033970784124,715.8328857421875,1400,0.0,0
2018-11-26,717.8506415505186,728.442626953125,712.0987647961126,728.442626953125,11700,0.0,0
2018-11-27,725.231872413246,746.2703790561935,724.5625953586957,741.2362670898438,18500,0.0,0
2018-11-28,746.871858078482,761.4213098592317,740.993881927134,760.83935546875,23200,0.0,0
2018-11-29,756.3772938498736,766.270930360725,752.2549502371735,752.4877319335938,9700,0.0,0
2018-11-30,751.0790287286924,757.6959919708717,750.0199587795206,751.302490234375,14900,1.35,0
2018-12-03,754.0036873212827,762.5542327391702,725.5147779981538,743.3154907226562,16100,0.0,0
2018-12-04,744.2871114835038,765.6246589014445,744.2871114835038,763.4287109375,8500,0.0,0
2018-12-06,760.1250063523966,774.0585525299422,753.0319431361265,754.6060180664062,11400,0.0,0
2018-12-07,753.2750049327304,766.0814016407118,745.258856863469,757.7349243164062,17300,0.0,0
2018-12-10,744.3455009889934,750.6126831717578,736.6402893999468,743.6167602539062,8500,0.0,0
2018-12-11,748.5041195124953,748.5041195124953,738.4474629998936,742.6741943359375,11800,0.0,0
2018-12-12,750.1169800243337,750.777697708784,739.1566930933001,749.7186279296875,5400,0.0,0
2018-12-13,747.2021518233404,749.7381552965717,738.2531944289203,740.7017822265625,15900,0.0,0
2018-12-14,741.3915620674185,755.4319169688479,733.1227758339699,754.4894409179688,11200,0.0,0
2018-12-17,752.8861940065374,753.0319658509853,736.3001098632812,736.3001098632812,14300,0.0,0
2018-12-18,738.2141250957641,742.3436545879089,705.5179443359375,705.5179443359375,14400,0.0,0
2018-12-19,701.5343453106415,705.4209621821686,678.2146440814789,683.5198974609375,19600,0.0,0
2018-12-20,682.5384083662565,682.5384083662565,661.1037221102208,666.991943359375,16700,0.0,0
2018-12-21,661.9976317719739,667.0405187652859,652.0284515292946,663.3579711914062,23100,0.0,0
2018-12-24,660.7247989747592,675.1830169673176,660.7247989747592,664.7085571289062,1800,0.0,0
2018-12-26,671.413022800208,681.7222591775719,662.6584093527439,677.4761352539062,13800,0.0,0
2018-12-27,672.0932410991164,691.8178100585938,660.8414685379693,691.8178100585938,9600,0.0,0
2018-12-28,689.8647052612414,712.4945678710938,689.8647052612414,712.4945678710938,8900,0.0,0
2018-12-31,717.2751783821096,720.9674526668289,698.872044536174,720.0735473632812,13900,0.0,0
2019-01-02,710.6192777346639,716.3617872859796,694.7327552355694,712.251708984375,18900,0.0,0
2019-01-03,708.3358759393286,708.3358759393286,695.7335500697737,695.801513671875,9400,0.0,0
2019-01-04,700.6694254332917,706.5868245878941,681.4501395011042,689.7772216796875,8800,0.0,0
2019-01-07,692.6825965543832,692.8089163483779,681.0421385801648,691.8178100585938,10400,0.0,0
2019-01-08,705.1391679149648,705.1391679149648,686.4833960202599,698.3084106445312,13900,0.0,0
2019-01-09,699.5909310159412,722.065294419233,699.5909310159412,719.9956665039062,17500,0.0,0
2019-01-10,714.7099698514213,727.4775204311195,714.7099698514213,722.7066650390625,5700,0.0,0
2019-01-11,720.7827657928937,725.6313105337971,706.4897118340355,724.7471313476562,5200,0.0,0
2019-01-14,711.4549794662454,711.4549794662454,699.8534253535446,704.37158203125,2600,0.0,0
2019-01-15,703.4776496669742,706.9561883522379,701.0485141363562,706.8687133789062,7200,0.0,0
2019-01-16,711.2509327211799,722.7164413603159,711.2509327211799,721.919677734375,3400,0.0,0
2019-01-17,717.9552847011151,742.9267492440213,717.9552847011151,734.0555419921875,11000,0.0,0
2019-01-18,737.0289057214683,748.1737511850258,736.3875807239006,744.1122436523438,7900,0.0,0
2019-01-22,744.7729164817116,748.4263456260616,734.2693373442373,748.1737060546875,9100,0.0,0
2019-01-23,753.0318957582616,754.0035498173046,748.367968135867,752.0602416992188,6700,0.0,0
2019-01-24,757.9971561746876,762.748559523919,752.5461902564016,761.4271240234375,6200,0.0,0
2019-01-25,759.7071861759114,761.290987102802,742.8392852386029,757.8901977539062,10300,0.0,0
2019-01-28,755.7816565486589,760.4067391332982,748.1638630024788,752.4585571289062,5700,0.0,0
2019-01-29,751.0983689193686,751.0983689193686,745.2587181061544,747.2020263671875,5200,0.0,0
2019-01-30,749.019155864483,759.8142210536905,740.6337743950072,743.6167602539062,9000,0.0,0
2019-01-31,741.8190885064136,751.2149674022722,709.30751974473,724.6985473632812,12400,0.0,0
2019-02-01,719.2184502651189,746.1624022371681,719.2184502651189,739.9146728515625,9000,0.0,0
2019-02-04,727.62323515585,754.4894979217083,712.3294073010835,753.5081176757812,11700,0.0,0
2019-02-05,757.8902642316879,765.1679445878715,753.0125412458067,762.74853515625,7000,0.0,0
2019-02-06,753.7508752487477,780.2381731562866,740.4003585866631,765.867431640625,19400,0.0,0
2019-02-07,764.4587663927513,772.4651885436879,764.4587663927513,770.89111328125,3500,0.0,0
2019-02-08,772.465160028313,772.465160028313,761.5340492731954,769.6473388671875,3000,0.0,0
2019-02-11,760.883002668124,763.8562622070312,760.3291526465053,763.8562622070312,2800,0.0,0
2019-02-12,762.7484543671605,772.5621368733006,762.1654856399862,770.8131713867188,7400,0.0,0
2019-02-13,772.4553408429045,772.4650668734365,764.6918334960938,764.6918334960938,4300,0.0,0
2019-02-14,765.3720455281818,767.6068383865214,763.8756600651978,767.1307373046875,3000,0.0,0
2019-02-15,769.4432575661807,772.4650878906251,769.4432575661807,772.465087890625,3500,0.0,0
2019-02-19,770.5314234432534,780.7046133525113,770.5314234432534,778.2366333007812,5900,0.0,0
2019-02-20,777.8091749036187,786.4471948393866,773.6990966796875,773.6990966796875,5800,0.0,0
2019-02-21,768.4327954426409,777.0319717598409,768.4327954426409,771.4935302734375,3300,0.0,0
2019-02-22,771.7169032233548,776.3517127766263,756.9186286019924,776.1476440429688,4000,0.0,0
2019-02-25,777.2164633380316,791.752371673666,777.2164633380316,784.9022216796875,6500,0.0,0
2019-02-26,785.0965602842754,785.0965602842754,777.3330530445319,783.9208374023438,4300,0.0,0
2019-02-27,774.4181894661158,783.7363208278439,774.4181894661158,781.2003173828125,3400,0.0,0
2019-02-28,781.1808645894343,781.1808645894343,761.8740987515794,764.0797729492188,6200,0.0,0
2019-03-01,767.5969634239432,767.606689453125,761.2909382107891,767.606689453125,3900,0.0,0
2019-03-04,767.6067071123045,768.1994018554686,766.7808248836371,768.1994018554688,3200,0.0,0
2019-03-05,770.0456250843084,787.039846351912,770.0456250843084,784.8050537109375,12300,0.0,0
2019-03-06,783.852966300999,786.0780927107509,775.0303875303928,777.8190307617188,10900,0.0,0
2019-03-07,777.3233777937363,777.7509080237255,770.7647117936016,776.9346923828125,4600,0.0,0
2019-03-08,777.3232295767998,783.0365600585938,775.3799215028579,783.0365600585938,6800,0.0,0
2019-03-11,780.2383897598296,784.6011080045445,780.2383897598296,780.6270751953125,3100,0.0,0
2019-03-12,781.2099378365928,781.2099378365928,773.7379150390626,773.7379150390625,3600,0.0,0
2019-03-13,772.0473132656662,772.3679757689032,767.5097045898438,767.5097045898438,4900,0.0,0
2019-03-14,767.9476479935196,785.9053710351436,763.5482330785535,780.8927612304688,7400,1.35,0
2019-03-15,782.4403625102134,793.2539076563878,775.3448386165988,792.8353881835938,12500,0.0,0
2019-03-18,788.0467016025275,795.200562953361,786.1389775192262,789.3606567382812,4500,0.0,0
2019-03-19,790.3338598772019,807.3669172021416,782.5959733825542,803.19140625,6800,0.0,0
2019-03-20,800.067031444958,808.3791419911164,800.067031444958,804.4469604492188,3800,0.0,0
2019-03-21,804.0090679059927,825.1593017578125,804.0090679059927,825.1593017578125,2500,0.0,0
2019-03-22,824.4000880176684,829.2569338127405,814.6863964275243,819.2415161132812,5200,0.0,0
2019-03-25,829.2568266022894,849.7062382442413,829.2568266022894,846.0660400390625,14300,0.0,0
2019-03-26,850.6991368386028,870.4379884779635,850.6991368386028,858.1547241210938,8800,0.0,0
2019-03-27,854.95243637141,860.763113761391,848.0029346493847,860.4711303710938,4400,0.0,0
2019-03-28,860.4129050955047,865.9121742357355,856.5585453559853,861.7755737304688,2900,0.0,0
2019-03-29,861.3764346483106,861.3861773305114,855.2348022460938,855.2348022460938,6300,0.0,0
2019-04-01,857.7848022029508,857.7848022029508,851.9935505124852,853.5995483398438,2400,0.0,0
2019-04-02,853.2102181982351,861.3763674433283,849.7062984620602,858.7678833007812,4500,0.0,0
2019-04-03,861.3861500582971,866.2527384767055,859.7607261603957,862.6611938476562,3900,0.0,0
2019-04-04,863.3327416257315,877.4458473231082,863.3327416257315,873.06591796875,12900,0.0,0
2019-04-05,865.5617518377851,868.1897217392175,865.5617518377851,867.021728515625,9600,0.0,0
2019-04-08,868.6762744738259,881.0665893554688,862.9531618435675,881.0665893554688,6300,0.0,0
2019-04-09,880.8524540610041,922.7343401432905,880.0738118392854,902.2654418945312,10500,0.0,0
2019-04-10,914.9186773949143,919.7852661044617,895.5009765625,895.5009765625,6400,0.0,0
2019-04-11,891.5589711535898,896.6299775178136,883.1884630909867,893.213623046875,5000,0.0,0
2019-04-12,895.4522576394477,895.4522576394477,884.3953831505263,884.8917846679688,5300,0.0,0
2019-04-15,875.3045566578347,880.1224909390969,873.0659379290793,875.0125732421875,4400,0.0,0
2019-04-16,872.9684665215266,872.9684665215266,852.1978454796584,858.4173583984375,5400,0.0,0
2019-04-17,851.652992482674,851.652992482674,840.4598388671875,840.4598388671875,8400,0.0,0
2019-04-18,839.7298766107172,846.7572021484374,837.0532528371101,846.7572021484375,4200,0.0,0
2019-04-22,846.7863633931021,850.290283203125,832.1865985070141,850.290283203125,2500,0.0,0
2019-04-23,841.919851349393,856.5196175577639,841.919851349393,847.7305297851562,20500,0.0,0
2019-04-24,847.7596860149756,856.9185791015625,847.0199550846947,856.9185791015625,5600,0.0,0
2019-04-25,857.8431814120212,871.6351345081745,857.8431814120212,870.0388793945312,6400,0.0,0
2019-04-26,866.2625696092168,866.3014809341622,851.6530601803803,853.4536743164062,3900,0.0,0
2019-04-29,858.3688941138465,862.3399875141694,848.7622532712202,857.0062255859375,5800,0.0,0
2019-04-30,860.8994606711647,860.8994606711647,856.5195312499999,856.51953125,8000,0.0,0
2019-05-01,857.9796439731341,861.1818381609728,849.4144591817793,849.7940673828125,7100,0.0,0
2019-05-02,848.8984668549431,850.4849794305865,837.0532072879824,837.413330078125,8000,0.0,0
2019-05-03,838.6688317896012,842.0073634939688,836.3718164708874,841.9197387695312,6200,0.0,0
2019-05-06,842.474470472626,849.9300566923046,842.0267230177235,843.59375,8900,0.0,0
2019-05-07,835.8851976620949,836.2161518066383,831.330078125,831.330078125,4600,0.0,0
2019-05-08,828.3420203920455,839.7785034179688,827.3200486838145,839.7785034179688,5900,0.0,0
2019-05-09,854.9330605187698,862.3594792973004,851.7600353223945,857.4539794921875,7400,0.0,0
2019-05-10,854.4658839890197,860.8021916771639,851.7502896046165,859.390869140625,6400,0.0,0
2019-05-13,853.9500373418668,869.7664506026618,851.3318102473544,864.30615234375,6300,0.0,0
2019-05-14,870.1459350870639,876.0053260537998,847.3118827866612,852.0227661132812,17900,0.0,0
2019-05-15,854.7966638780824,870.4865382325746,849.9593041077685,867.3816528320312,6000,0.0,0
2019-05-16,867.381817918812,882.0108121822045,867.381817918812,877.640625,2900,0.0,0
2019-05-17,873.5233769199347,881.9718265360084,858.6122025592265,860.558837890625,4600,0.0,0
2019-05-20,859.3324480987883,872.8421020507814,859.3324480987883,872.8421020507812,2100,0.0,0
2019-05-21,880.3172086862128,889.5928955078125,877.5432175876749,889.5928955078125,7200,0.0,0
2019-05-22,898.1775944012321,898.1775944012321,868.6958215805226,875.9859619140625,3200,0.0,0
2019-05-23,878.9058450354975,878.9058450354975,866.0872681155041,869.1726684570312,5000,0.0,0
2019-05-24,858.9625438462971,867.8586811663704,858.9625438462971,865.30859375,2800,0.0,0
2019-05-28,871.1193367703071,875.9859252438843,858.7387642086937,874.8179321289062,12400,0.0,0
2019-05-29,869.1726581961854,875.1391001208771,863.5371704101564,863.5371704101562,5100,0.0,0
2019-05-30,863.3327935036649,868.1993819676089,862.456783817516,866.2527465820312,9600,0.0,0
2019-05-31,865.1821008182342,868.1993618332674,857.7069688331657,859.6439208984375,4800,0.0,0
2019-06-03,860.5100679101482,860.5100679101482,846.1828613281249,846.182861328125,4100,0.0,0
2019-06-04,837.9680644715371,856.0328369140625,833.9774860382131,856.0328369140625,6200,0.0,0
2019-06-05,861.03576015764,867.1092529296875,860.4128225895847,867.1092529296875,5500,0.0,0
2019-06-06,866.2526766195493,867.2259942337286,854.9622160577068,859.0988159179688,7200,0.0,0
2019-06-07,859.0501311154588,861.3861172299066,851.8962701756789,854.0570068359375,7300,0.0,0
2019-06-10,859.0208947001197,864.5298460062428,852.8402924879864,856.2274780273438,14600,0.0,0
2019-06-11,863.7123431587169,870.1557010960164,856.6655330452904,859.9942626953125,4800,0.0,0
2019-06-12,855.9355176255717,859.9650073237223,843.0584854349041,854.378173828125,13000,0.0,0
2019-06-13,857.0199626115218,857.0199626115218,844.3278875803813,852.769775390625,21600,1.35,0
2019-06-14,851.8925115785848,862.0793005715832,848.4806524331132,855.9087524414062,58500,0.0,0
2019-06-17,852.9647990071733,870.9014540083937,845.9461053328652,846.9501953125,26700,0.0,0
2019-06-18,847.1159344578247,853.3742426536132,839.551345362302,851.7950439453125,11100,0.0,0
2019-06-19,853.4229624959694,885.825927734375,851.7950348568769,885.825927734375,10700,0.0,0
2019-06-20,891.9574179509214,892.8932635464477,876.5260505524776,879.37255859375,5100,0.0,0
2019-06-21,877.8713186231923,885.133716189788,865.0817260742186,865.0817260742188,14700,0.0,0
2019-06-24,864.6138045992751,874.4009442135068,857.8388156893814,864.2725830078125,8200,0.0,0
2019-06-25,862.712964049173,862.712964049173,848.3929012829411,850.0403442382812,10100,0.0,0
2019-06-26,845.6536980348302,845.6536980348302,812.5099219735228,816.7308959960938,22700,0.0,0
2019-06-27,823.5935582326106,832.3376968568799,811.5740490693282,830.7779541015625,14300,0.0,0
2019-06-28,832.4838408994349,843.7527214231108,828.8575507386792,831.2653198242188,18200,0.0,0
2019-07-01,837.4261366160188,838.0500336615592,811.1158401134336,818.8461303710938,31300,0.0,0
2019-07-02,816.8867753091235,818.8461667277753,802.566713180115,810.0728149414062,24100,0.0,0
2019-07-03,819.1776459904906,819.1776459904906,802.6642456054689,802.6642456054688,12200,0.0,0
2019-07-05,802.6642178821477,802.6642178821477,792.0386904206496,797.0590209960938,21400,0.0,0
2019-07-08,797.5172176833445,807.9282552994678,787.1744243917234,788.6268920898438,21200,0.0,0
2019-07-09,778.8688800837285,784.7275386810302,778.8688800837285,779.8534545898438,7400,0.0,0
2019-07-10,781.1791513957982,781.1791513957982,760.35707949831,765.33837890625,13400,0.0,0
2019-07-11,766.6057187437151,773.780416220804,755.9704927298648,771.1776123046875,13300,0.0,0
2019-07-12,770.4757578845007,784.2499249354636,765.2605114602824,774.794189453125,23500,0.0,0
2019-07-15,783.5578664145555,785.7024756422323,776.2272832791862,776.8316650390625,19300,0.0,0
2019-07-16,771.1873561971936,777.7576123510615,763.6715562428649,768.8380737304688,20600,0.0,0
2019-07-17,767.1321548602217,772.6886229703704,758.1833430504057,768.1557006835938,25600,0.0,0
2019-07-18,765.7381545344367,765.7381545344367,744.760076787624,749.3319702148438,38800,0.0,0
2019-07-19,749.7998818815055,757.4327147006987,741.3482362031936,748.6593627929688,13800,0.0,0
2019-07-22,753.4749012323971,763.2815558794816,750.1702579944487,751.447265625,13300,0.0,0
2019-07-23,766.2547237227899,766.2547237227899,744.4188633871173,745.9395751953125,20000,0.0,0
2019-07-24,754.17666109501,754.17666109501,738.6186246592774,739.0475463867188,17600,0.0,0
2019-07-25,739.963919494524,745.4618407775143,737.4488756056297,738.7161254882812,14200,0.0,0
2019-07-26,738.764895131725,756.7308212855206,730.5862273202183,732.9647827148438,25700,0.0,0
2019-07-29,726.6186257880865,746.5730948444534,717.4650828026795,736.7177124023438,30100,0.0,0
2019-07-30,738.1410682965405,741.8356026380643,732.2824096679688,732.2824096679688,16000,0.0,0
2019-07-31,729.1921737112342,750.1214599609375,729.1726583376034,750.1214599609375,13100,0.0,0
2019-08-01,748.6983462564647,760.1622024558484,745.773895572871,750.6090087890625,14500,0.0,0
2019-08-02,749.0395100407533,755.4830349366048,745.8811130660041,750.9989013671875,24100,0.0,0
2019-08-05,749.0493283509152,749.7804410245406,732.1362194688533,735.2946166992188,11900,0.0,0
2019-08-06,737.6439787390826,743.7755557754549,726.6382575816425,742.1281127929688,17700,0.0,0
2019-08-07,738.8234705744673,744.7601318359375,730.3426109125145,744.7601318359375,13700,0.0,0
2019-08-08,763.1060316438912,763.1060316438912,728.2076049787723,733.3448486328125,17000,0.0,0
2019-08-09,747.6358016271275,747.6358016271275,726.5407505267958,729.37744140625,6900,0.0,0
2019-08-12,719.2491134478876,727.6325143296463,719.0541381835939,719.0541381835938,9200,0.0,0
2019-08-13,718.4399651189509,723.6064821408116,709.920076002093,712.591064453125,9000,0.0,0
2019-08-14,705.86493206726,708.4482207926811,700.0160303476094,703.8568115234375,10700,0.0,0
2019-08-15,707.2295733206025,728.1978917612158,707.2295733206025,722.3392333984375,6600,0.0,0
2019-08-16,724.7567702457459,727.505760741874,721.59837335601,723.9769287109375,8100,0.0,0
2019-08-19,731.9801952129205,739.807943113548,725.7608593202107,731.0930786132812,9900,0.0,0
2019-08-20,732.126390498924,779.3075475758077,732.126390498924,765.91357421875,18100,0.0,0
2019-08-21,766.7908831169356,790.8006260376598,765.2312000116918,773.5073852539062,21800,0.0,0
2019-08-22,773.0199992640052,777.9038411699937,757.4326874549939,758.9923706054688,16800,0.0,0
2019-08-23,751.6812869873991,757.422972801807,740.0907592773438,740.0907592773438,14400,0.0,0
2019-08-26,741.7869280967626,747.197149964005,731.3174041649085,744.5748901367188,10100,0.0,0
2019-08-27,748.9323382168951,756.4578959421801,746.7097271800386,747.1873779296875,13000,0.0,0
2019-08-28,741.3580485721556,751.5838688635858,741.3580485721556,748.9616088867188,8200,0.0,0
2019-08-29,755.5025272472644,758.4074622406208,751.486286834321,753.5236206054688,12200,0.0,0
2019-08-30,751.583771191093,759.1678746397603,750.6089543672393,757.5789184570312,10500,0.0,0
2019-09-03,751.6911579861918,756.2630523113982,737.9462614382134,740.92919921875,9900,0.0,0
2019-09-04,751.5838490527988,754.5082998273233,737.1175397089854,745.8421630859375,21900,0.0,0
2019-09-05,747.9770613230363,752.1493065814539,742.9080010971308,749.5368041992188,22800,0.0,0
2019-09-06,750.5602982240362,754.8982454105503,746.7097594967237,747.538330078125,22600,0.0,0
2019-09-09,755.4147740612716,755.4147740612716,734.046806510646,738.9111328125,15200,0.0,0
2019-09-10,743.6195442754763,752.2661648580429,734.0370781102665,747.1483764648438,12600,0.0,0
2019-09-11,750.4041982744302,764.8997192382812,749.6730856790856,764.8997192382812,31000,0.0,0
2019-09-12,772.727539360639,775.5447742205783,765.6893310546875,765.6893310546875,10600,0.0,0
2019-09-13,773.9625050030558,781.9815383271746,765.7676052260841,778.4555053710938,28300,1.55,0
2019-09-16,781.3953783609102,791.0456160529263,777.5860520451062,788.9163208007812,33000,0.0,0
2019-09-17,788.5941103893738,793.1848209280842,768.7271629570613,782.3722534179688,21100,0.0,0
2019-09-18,781.3856620209151,781.59079978532,765.6698796387938,774.9684448242188,27100,0.0,0
2019-09-19,779.2270439156366,785.2925874570367,770.768405461132,774.5484008789062,16400,0.0,0
2019-09-20,774.5582531300461,785.3024407522788,774.5582531300461,783.9545288085938,25200,0.0,0
2019-09-23,786.2401739972871,786.2401739972871,771.3448222702842,775.5350341796875,42600,0.0,0
2019-09-24,781.1511904114276,781.1511904114276,754.0074899830851,762.7200317382812,27000,0.0,0
2019-09-25,758.1586932427454,773.0833147268305,753.372622461049,769.4791259765625,35500,0.0,0
2019-09-26,770.0457337787374,775.5350323873326,761.0792275858815,762.6713256835938,25000,0.0,0
2019-09-27,764.4586434652236,767.5061404314644,750.6963500976562,750.6963500976562,24000,0.0,0
2019-09-30,751.5950480041363,762.7006271986187,751.106675798167,761.0499267578125,35200,0.0,0
2019-10-01,765.2791946115802,768.4633907160644,756.87921708754,756.9768676757812,10700,0.0,0
2019-10-02,755.4921800229987,757.3089697720941,743.0582438658435,748.0885009765625,47100,0.0,0
2019-10-03,747.6098043246781,756.6154174804688,744.5721439574082,756.6154174804688,32900,0.0,0
2019-10-04,758.3540135211083,762.3489239273872,754.2517351656611,761.1768188476562,52700,0.0,0
2019-10-07,760.8252671490447,765.5722305118887,756.0001475436583,756.390869140625,22800,0.0,0
2019-10-08,754.6423373026233,754.6423373026233,736.4749186618241,740.7432861328125,45100,0.0,0
2019-10-09,748.3814766715063,751.1163487229021,740.0791503202129,750.0223999023438,19700,0.0,0
2019-10-10,751.5363530237953,773.0637757458961,751.5363530237953,762.8275146484375,26500,0.0,0
2019-10-11,766.73454197995,774.3629130107258,759.877777528245,761.4992065429688,22500,0.0,0
2019-10-14,761.762834533784,765.4939449605458,753.460508734523,757.269775390625,37800,0.0,0
2019-10-15,759.4284644623344,770.6512468455593,759.4284644623344,767.8186645507812,23900,0.0,0
2019-10-16,770.3094097746796,775.3787150350695,765.8749525346806,771.6279907226562,25000,0.0,0
2019-10-17,772.1164221387102,783.8764028561059,772.1164221387102,781.3564453125,14400,0.0,0
2019-10-18,778.738710422364,788.1349856538341,778.738710422364,787.9494018554688,16800,0.0,0
2019-10-21,792.1297392904277,795.0697487598628,785.3023071289062,785.3023071289062,10300,0.0,0
2019-10-22,785.5955128152034,788.8090400609007,778.9536627860704,779.7350463867188,13400,0.0,0
2019-10-23,782.3135612472988,790.1763407303043,782.3135612472988,787.6466064453125,21500,0.0,0
2019-10-24,792.9209741351879,793.0186843301123,783.0461040267913,786.2693481445312,14900,0.0,0
2019-10-25,786.2400805685404,795.997746182176,784.892168721206,793.0089111328125,30200,0.0,0
2019-10-28,795.3825136216545,811.3815917968751,795.3825136216545,811.381591796875,7600,0.0,0
2019-10-29,809.6037888964468,818.2772827148438,806.3707677728954,818.2772827148438,6400,0.0,0
2019-10-30,825.2805699350656,826.4722290039062,814.4875571380206,826.4722290039062,7000,0.0,0
2019-10-31,822.027970943684,824.7140177422491,818.5117153445857,823.8154296875,9000,0.0,0
2019-11-01,823.5419730682585,824.0205682324842,816.5582275390624,816.5582275390625,4500,0.0,0
2019-11-04,821.5493639139556,821.5493639139556,798.9670410156249,798.967041015625,10800,0.0,0
2019-11-05,797.550657472462,797.550657472462,767.7209121931845,785.3023071289062,11400,0.0,0
2019-11-06,785.8005413283064,785.8298126561898,752.8060913085939,752.8060913085938,11100,0.0,0
2019-11-07,750.2958592645851,752.688894671726,726.0823900453598,744.3084716796875,10100,0.0,0
2019-11-08,744.4354123324372,745.3535543626131,732.8512391974714,741.9252319335938,3900,0.0,0
2019-11-11,741.0265891975982,741.3489315124026,732.988002600924,736.4652099609375,5000,0.0,0
2019-11-12,741.3977280956854,742.4330746398746,732.763342111859,737.9302978515625,6200,0.0,0
2019-11-13,737.5591416896382,740.2256345177724,735.0294073695469,737.14892578125,5900,0.0,0
2019-11-14,736.9534941696518,737.2953307911637,719.8604707793683,721.71630859375,10100,0.0,0
2019-11-15,722.7614445878239,723.7675198233767,710.7377247470477,711.5679931640625,6400,0.0,0
2019-11-18,711.8805392826799,712.8279526040825,692.6874906310129,703.24609375,6700,0.0,0
2019-11-19,705.7759868285835,723.4062113650067,705.7759868285835,718.3955078125,6800,0.0,0
2019-11-20,717.106071288285,718.2293509985483,701.3121337890625,701.3121337890625,5800,0.0,0
2019-11-21,703.1581731904129,712.2418823242188,693.947422925656,712.2418823242188,4600,0.0,0
2019-11-22,712.4567707535969,712.4567707535969,687.5400155161021,701.3023681640625,5600,0.0,0
2019-11-25,709.8000696517231,709.8000696517231,684.922362209614,698.0986328125,6900,0.0,0
2019-11-26,698.7824669796163,698.7824669796163,662.4475631152304,696.4187622070312,5600,0.0,0
2019-11-27,696.1745033914392,696.1745033914392,683.9651995788921,687.6279907226562,4200,0.0,0
2019-11-29,686.8253982062274,692.5911317526843,685.2297869226096,689.8306274414062,3600,1.55,0
2019-12-02,698.9537704846664,712.1199196503276,686.0616223358398,696.9959716796875,11600,0.0,0
2019-12-03,693.4132503815549,696.4576135526277,685.053469980932,692.5714111328125,6600,0.0,0
2019-12-04,687.285389603148,694.8621227427392,687.1875235414457,691.4359741210938,6500,0.0,0
2019-12-05,689.5956334094172,695.9976152814629,689.4096400956108,692.2484130859375,8100,0.0,0
2019-12-06,695.5472025762291,696.4575719066809,686.8252346541517,691.3575439453125,10200,0.0,0
2019-12-09,693.0217529331827,696.0857133310199,683.8004760742188,683.8004760742188,6200,0.0,0
2019-12-10,681.1671772974291,688.1761310125228,673.2381154311768,673.9722900390625,6600,0.0,0
2019-12-11,674.2463560993739,675.4307861328125,661.0899457990702,675.4307861328125,5900,0.0,0
2019-12-12,675.4406513454903,688.1663447766373,675.4406513454903,676.4391479492188,5300,0.0,0
2019-12-13,672.1809182218489,695.0088622506539,669.2931526817213,689.145263671875,8400,0.0,0
2019-12-16,690.3983079295735,699.5313977742346,684.3780517578126,684.3780517578125,8700,0.0,0
2019-12-17,685.9931748622366,696.9763978462314,669.0973610515117,693.9418334960938,5300,0.0,0
2019-12-18,693.5208584081134,695.0186032318005,686.9524813961118,694.2648315429688,8900,0.0,0
2019-12-19,695.0186542564771,703.8091527644209,693.1293853659894,696.0171508789062,10600,0.0,0
2019-12-20,698.7385165484113,699.9132080078124,695.7039517133072,699.9132080078125,15600,0.0,0
2019-12-23,696.1346981773701,736.1325227749684,695.811644569783,726.950439453125,14800,0.0,0
2019-12-24,721.7327880306921,745.4515634513247,721.7327880306921,741.4772338867188,7500,0.0,0
2019-12-26,742.661635830347,748.3588378514013,725.0708412308109,731.4238891601562,13000,0.0,0
2019-12-27,731.140023621325,731.2378896674819,718.8939819335938,718.8939819335938,6400,0.0,0
2019-12-30,720.959477559898,737.590970408673,716.4271681214564,729.2703247070312,10800,0.0,0
2019-12-31,727.4300842330366,740.0481147080839,727.4300842330366,735.64306640625,9900,0.0,0
2020-01-02,737.4342605589873,740.4100930598213,722.4277168655912,723.4066162109375,6000,0.0,0
2020-01-03,717.5627471204109,726.0497892685562,711.5326925910323,719.1485595703125,5800,0.0,0
2020-01-06,715.4286512263692,729.6422905997501,709.0266702241787,718.619873046875,8700,0.0,0
2020-01-07,716.818788835498,725.0513077189844,711.0628547319244,712.1298217773438,3600,0.0,0
2020-01-08,712.3060261138174,712.3060261138174,700.1187744140625,700.1187744140625,6500,0.0,0
2020-01-09,701.5576034108669,713.0205367074321,701.3814086914062,701.3814086914062,10000,0.0,0
2020-01-10,702.9281822062593,710.0937338435301,700.1089468162745,702.849853515625,9700,0.0,0
2020-01-13,697.1037113538637,713.9505933941654,697.1037113538637,703.1043701171875,10500,0.0,0
2020-01-14,703.7308933011342,714.596654143303,698.02389233401,703.6231689453125,4900,0.0,0
2020-01-15,704.0245921698083,704.0245921698083,677.5747063132538,685.2199096679688,9200,0.0,0
2020-01-16,685.6895974284731,702.4484092291701,685.6895974284731,692.9138793945312,4300,0.0,0
2020-01-17,694.4215346016595,707.4114904125324,684.6129424366322,692.6105346679688,6200,0.0,0
2020-01-21,699.8641076617146,722.9661086020371,699.8641076617146,719.4910278320312,6800,0.0,0
2020-01-22,723.9451114442426,737.6007713841558,720.1665737231489,727.3223266601562,6400,0.0,0
2020-01-23,732.2854136951563,740.400469679009,727.8118354588416,735.545166015625,6200,0.0,0
2020-01-24,722.427831480824,722.427831480824,704.8370361328124,704.8370361328125,3700,0.0,0
2020-01-27,689.4290678075072,711.0823187259194,689.4290678075072,705.7864990234375,5400,0.0,0
2020-01-28,708.5667020776339,712.8738244043693,702.7813720703125,702.7813720703125,5100,0.0,0
2020-01-29,699.5215290746263,699.5215290746263,690.5841722396402,693.6481323242188,5000,0.0,0
2020-01-30,690.2807601137291,691.788303614712,674.5205017205666,684.240966796875,6700,0.0,0
2020-01-31,682.3908531363647,706.7556773012883,669.6162259446511,704.0147705078125,9200,0.0,0
2020-02-03,699.9719596212751,704.8273232436546,682.4398937225466,689.2334594726562,8900,0.0,0
2020-02-04,690.858419296158,690.858419296158,678.465576171875,678.465576171875,3400,0.0,0
2020-02-05,680.4526682005603,681.3141046068578,664.6728118219202,679.6499633789062,11100,0.0,0
2020-02-06,679.9926229594248,687.7160953037161,677.5159783221524,679.1605224609375,5800,0.0,0
2020-02-07,679.3562451765434,679.3562451765434,668.5785522460938,668.5785522460938,3200,0.0,0
2020-02-10,664.5749003396392,730.6506171753277,661.4913429883932,672.5235595703125,9200,0.0,0
2020-02-11,674.4422058601,675.1665819815183,667.8052978515625,667.8052978515625,4800,0.0,0
2020-02-12,669.8609661466529,669.8609661466529,656.8416137695312,656.8416137695312,2900,0.0,0
2020-02-13,656.3618603328392,656.3618603328392,642.84326171875,642.84326171875,2700,0.0,0
2020-02-14,643.6460182843583,669.3519287109375,633.3479764264238,669.3519287109375,5200,0.0,0
2020-02-18,663.2435435425584,702.0960669598389,652.9259643554688,652.9259643554688,10100,0.0,0
2020-02-19,652.4462302089948,665.5439085905075,649.4997335387275,661.9121704101562,4400,0.0,0
2020-02-20,672.5039672851562,672.5039672851562,672.5039672851562,672.5039672851562,2200,0.0,0
2020-02-21,671.4564832128799,690.6526868205563,661.2465692613166,682.635498046875,15100,0.0,0
2020-02-24,673.9234081554139,677.2026977539062,673.717817740583,677.2026977539062,2600,0.0,0
2020-02-25,677.3984534061316,677.3984534061316,640.2002724387429,646.0736694335938,3800,0.0,0
2020-02-26,627.0927911255301,636.2846717225314,613.3196680618006,618.4686889648438,4700,0.0,0
2020-02-27,609.5998825840669,627.5920606907598,590.2764154584745,611.430419921875,15700,0.0,0
2020-02-28,603.0804142287301,629.4323717571948,603.0804142287301,603.3055419921875,5700,0.0,0
2020-03-02,604.2158692027457,650.3905381731028,604.2158692027457,643.5285034179688,10900,0.0,0
2020-03-03,642.4517851718552,642.4517851718552,607.0254068291672,612.5562133789062,3100,0.0,0
2020-03-04,663.1652813992621,663.1652813992621,620.8278777292994,626.8872680664062,9300,0.0,0
2020-03-05,625.8202896702293,634.3269294316658,616.8731331472295,631.3804321289062,8800,0.0,0
2020-03-06,619.858737290075,734.1746541116505,619.858737290075,699.9425659179688,13600,0.0,0
2020-03-09,672.1711370350741,685.2296832882595,657.820495956729,683.604736328125,7200,0.0,0
2020-03-10,690.0263808025128,690.0263808025128,636.2358335830123,684.613037109375,5800,0.0,0
2020-03-11,663.2435435425584,667.6094568072408,624.7728052683722,652.9259643554688,11200,0.0,0
2020-03-12,625.5069733965196,634.1115381221812,604.9109497070312,604.9109497070312,10800,0.0,0
2020-03-13,628.0613296774512,645.7356540473681,613.3507352273634,628.7581176757812,8700,1.55,0
2020-03-16,585.9706557757431,648.7091200672811,581.5054750022869,608.44384765625,13700,0.0,0
2020-03-17,639.8474562355324,662.4187622070312,603.6352066092028,662.4187622070312,19000,0.0,0
2020-03-18,635.0191825440966,669.5434602236221,581.87845291253,643.2822265625,12000,0.0,0
2020-03-19,640.0927840209589,651.7218892158736,628.0711104230182,643.7728881835938,14600,0.0,0
2020-03-20,637.8845754035926,691.0056449132345,605.5977783203125,605.5977783203125,12800,0.0,0
2020-03-23,606.4909326408964,641.7512268487188,568.2080297247172,628.0906982421875,14700,0.0,0
2020-03-24,672.9781602699954,723.1943882061994,651.1625233917086,719.337646484375,8500,0.0,0
2020-03-25,711.4867971662944,740.9276301524859,631.3194065489939,652.5070190429688,7100,0.0,0
2020-03-26,645.1761523418359,645.1761523418359,608.443817453286,618.7481079101562,5500,0.0,0
2020-03-27,615.0189654035819,642.791470388975,604.0277099609375,604.0277099609375,5200,0.0,0
2020-03-30,613.4585541360882,665.1174110295223,610.3378333753233,637.8846435546875,9700,0.0,0
2020-03-31,636.7168215805865,648.296869284075,613.7725968406177,637.8846435546875,17200,0.0,0
2020-04-01,630.3969189222049,630.3969189222049,598.6793212890625,598.6793212890625,9400,0.0,0
2020-04-02,589.6213982342678,660.3971577683503,589.6213982342678,658.3952026367188,10300,0.0,0
2020-04-03,662.3697407264716,667.3256027082542,613.3507377833218,645.7356567382812,6600,0.0,0
2020-04-06,684.8133519326525,686.2657470703125,653.586437190302,686.2657470703125,4900,0.0,0
2020-04-07,687.3648960650203,687.3648960650203,650.0535893380446,686.7172241210938,7500,0.0,0
2020-04-08,686.1970192197075,700.5936279296875,651.1526569408795,700.5936279296875,7000,0.0,0
2020-04-09,682.0459551242866,703.1648648731855,674.4011738234854,698.6309814453125,5900,0.0,0
2020-04-13,701.6732209858142,701.6732209858142,648.6797189812911,652.6051635742188,6700,0.0,0
2020-04-14,662.0261562295376,679.2785006731169,651.9770284204191,666.1380615234375,5400,0.0,0
2020-04-15,635.3821964086732,651.8003469001269,628.071044921875,628.071044921875,5000,0.0,0
2020-04-16,613.3506540429227,643.7728464834516,613.3506540429227,622.673583984375,10600,0.0,0
2020-04-17,641.1624266691191,714.4209899032504,636.9032935438237,653.78271484375,6400,0.0,0
2020-04-20,638.8758741443752,638.8758741443752,627.0798950195311,627.0798950195312,4000,0.0,0
2020-04-21,613.3505912456474,623.6548811785743,605.9903841506996,612.2711181640625,7200,0.0,0
2020-04-22,614.9796790977863,628.5322725789188,614.9796790977863,626.8443603515625,6800,0.0,0
2020-04-23,632.9778330562679,647.6982477785066,628.0710281488549,642.7914428710938,4200,0.0,0
2020-04-24,639.680672315646,662.683780683901,627.5902954359883,643.5374145507812,6100,0.0,0
2020-04-27,651.8494282511875,651.8494282511875,616.8344733265374,634.8915405273438,4400,0.0,0
2020-04-28,619.2584422400221,675.5296488783788,613.3506298065186,628.071044921875,5400,0.0,0
2020-04-29,652.2811976968836,655.3528624120842,623.674560546875,623.674560546875,10300,0.0,0
2020-04-30,624.145664811581,661.4373869229647,618.2574981624151,620.0534057617188,11300,0.0,0
2020-05-01,622.6735728189759,625.4606644958815,613.3506430446965,622.0945434570312,8800,0.0,0
2020-05-04,624.1553963175259,637.7079888349054,624.1553963175259,629.4449462890625,5000,0.0,0
2020-05-05,623.9493408203125,623.9493408203125,623.9493408203125,623.9493408203125,3600,0.0,0
2020-05-06,639.8474913521796,652.6051867319011,632.9779630707912,650.8485717773438,9000,0.0,0
2020-05-07,668.81717569393,678.120458915315,652.9976409810794,655.0682983398438,9900,0.0,0
2020-05-08,667.3255024258888,670.6817403873711,666.2362060546875,666.2362060546875,4000,0.0,0
2020-05-11,662.3696829493017,662.4187390245387,655.1174100829448,661.4373779296875,6400,0.0,0
2020-05-12,666.2460431075203,666.2460431075203,638.375365232149,644.39111328125,4700,0.0,0
2020-05-13,630.6324026697101,651.3980357900997,630.6324026697101,646.5501098632812,4300,0.0,0
2020-05-14,643.3214270616622,643.6747625760107,637.8945313833239,643.18408203125,6500,0.0,0
2020-05-15,650.5442625622426,660.9466657101783,623.7040019657122,624.1358032226562,19000,0.0,0
2020-05-18,632.9091128152663,643.831665024048,631.9964543158354,635.9906005859375,7200,0.0,0
2020-05-19,641.3193818729807,662.9878484556945,631.0641479492189,631.0641479492188,5300,0.0,0
2020-05-20,634.0671578143111,648.4931768687549,634.0573346204523,635.4017944335938,4700,0.0,0
2020-05-21,635.5490296669726,637.1977090205914,631.40771484375,631.40771484375,4300,0.0,0
2020-05-22,647.394119392514,647.394119392514,637.8847277475759,638.8660888671875,3600,0.0,0
2020-05-26,652.4775586737297,653.5963247184114,637.3940431525908,651.623779296875,4800,0.0,0
2020-05-27,648.1595065815524,662.1930175717073,648.041748046875,648.041748046875,4700,0.0,0
2020-05-28,648.6796111585196,648.6796111585196,630.0337524414064,630.0337524414062,3900,0.0,0
2020-05-29,628.0710270152279,631.0151099543617,628.0710270152279,630.02392578125,4500,0.0,0
2020-06-01,634.9896450930537,667.3255031440225,634.9896450930537,635.2349853515625,7500,0.0,0
2020-06-02,637.8945250178401,644.7934622616167,637.8945250178401,640.9760131835938,5600,0.0,0
2020-06-03,641.0839008692802,662.4186795729598,641.0839008692802,651.2311401367188,8100,0.0,0
2020-06-04,648.7876340760364,650.887761243091,640.5049438476562,640.5049438476562,6500,0.0,0
2020-06-05,655.2253430675962,663.6062051218519,645.7355980858789,653.5864868164062,6300,0.0,0
2020-06-08,642.8404541015625,642.8404541015625,642.8404541015625,642.8404541015625,2200,0.0,0
2020-06-09,637.8846040450497,647.9140839916881,637.8846040450497,639.9552612304688,3500,0.0,0
2020-06-10,642.7914834382672,655.0879660630965,642.7914834382672,649.6610107421875,4000,0.0,0
2020-06-11,642.7718489054888,645.7159320900412,633.1348760936844,639.847412109375,8800,0.0,0
2020-06-12,641.8639117901142,642.454107463016,639.4046630859376,639.4046630859375,3800,1.55,0
2020-06-15,632.5188139844187,642.1590576171875,632.5188139844187,642.1590576171875,4300,0.0,0
2020-06-16,645.8971146971421,645.8971146971421,641.0081566456083,644.2150268554688,2400,0.0,0
2020-06-17,638.3619995117186,638.3619995117186,638.3619995117186,638.3619995117188,1800,0.0,0
2020-06-18,636.424098710784,636.7782761958882,632.5581665039061,632.5581665039062,2900,0.0,0
2020-06-19,640.2901175756008,649.2417602539062,639.4637834630173,649.2417602539062,18600,0.0,0
2020-06-22,639.6998078764706,667.6467458245855,639.6998078764706,645.3856201171875,4200,0.0,0
2020-06-23,646.9693915472266,653.1666870117188,646.9693915472266,653.1666870117188,2900,0.0,0
2020-06-24,652.4879758680456,653.5897146897623,642.4640738788315,644.2445678710938,6100,0.0,0
2020-06-25,640.4868353061177,652.0649997105586,637.840680774916,651.11083984375,9500,0.0,0
2020-06-26,646.2610491186467,646.2610491186467,609.431396484375,609.431396484375,15200,0.0,0
2020-06-29,617.6649194290335,622.6817626953125,617.6649194290335,622.6817626953125,5000,0.0,0
2020-06-30,615.9532886187756,638.4111663318663,615.9532886187756,626.62646484375,15000,0.0,0
2020-07-01,633.502532831516,645.0708495592283,628.2003776579381,636.3552856445312,5400,0.0,0
2020-07-02,636.7486954874232,637.4766235351562,636.7486954874232,637.4766235351562,3500,0.0,0
2020-07-06,646.1825198905964,668.9158058838377,630.2858988811611,640.5852661132812,5700,0.0,0
2020-07-07,637.958708816165,641.3721174933169,629.9119935250714,633.4336547851562,2500,0.0,0
2020-07-08,632.5287079694983,632.5287079694983,626.8134155273438,626.8134155273438,3600,0.0,0
2020-07-09,627.2067706662931,627.2067706662931,618.7469790703038,620.7930908203125,3600,0.0,0
2020-07-10,618.5503764614936,626.9019775390625,614.3204796425446,626.9019775390625,5100,0.0,0
2020-07-13,633.3057289073312,645.7691848164671,626.9116821289062,626.9116821289062,3600,0.0,0
2020-07-14,635.4699096679688,635.4699096679688,635.4699096679688,635.4699096679688,1800,0.0,0
2020-07-15,652.5666537442609,652.5666537442609,639.4440744957808,645.3069458007812,4400,0.0,0
2020-07-16,646.2905730638457,653.5207403902397,644.8641967773438,644.8641967773438,3000,0.0,0
2020-07-17,641.3721388370733,656.4522705078125,635.9617910401348,656.4522705078125,3100,0.0,0
2020-07-20,648.0317613476906,654.7110595703125,648.0317613476906,654.7110595703125,2400,0.0,0
2020-07-21,657.0916362096016,664.8530404232748,639.9064331054688,639.9064331054688,3000,0.0,0
2020-07-22,628.5840170172196,628.5840170172196,621.6981201171875,621.6981201171875,2500,0.0,0
2020-07-23,623.6852499255328,623.6852499255328,614.1531982421875,614.1531982421875,3400,0.0,0
2020-07-24,613.1399492428848,638.8145448509474,613.1399492428848,635.9617919921875,4000,0.0,0
2020-07-27,639.404792483317,639.404792483317,630.6498413085938,630.6498413085938,3400,0.0,0
2020-07-28,623.2720530620182,630.8859385283249,617.763359225159,619.9471435546875,6400,0.0,0
2020-07-29,622.6817089062246,622.6817089062246,614.0644927120784,614.8219604492188,6800,0.0,0
2020-07-30,609.4510619087546,634.6534403090665,604.1391202085111,612.4021606445312,7600,0.0,0
2020-07-31,612.3530296313343,613.8187324974236,607.2377794641126,609.9921264648438,13400,0.0,0
2020-08-03,621.6883201354439,621.6883201354439,604.03089975247,612.0579223632812,12800,0.0,0
2020-08-04,609.8937213531589,635.4699096679688,609.8937213531589,635.4699096679688,7000,0.0,0
2020-08-05,639.4047652843386,639.4047652843386,634.4862670898438,634.4862670898438,5400,0.0,0
2020-08-06,647.4907568110051,647.4907568110051,635.2338975597743,636.4832153320312,2700,0.0,0
2020-08-07,647.2743015910379,650.2254002305107,620.2815836337163,635.38134765625,5100,0.0,0
2020-08-10,657.0621963927739,657.0621963927739,632.9221684396447,652.19287109375,5900,0.0,0
2020-08-11,645.464339044831,648.6515763600501,634.0927734375001,634.0927734375,3300,0.0,0
2020-08-12,635.9716881867947,662.4725599035817,634.4961386703595,645.4053344726562,4500,0.0,0
2020-08-13,640.880297544526,648.6515484993892,640.880297544526,645.3069458007812,2100,0.0,0
2020-08-14,637.6537274029517,643.0050556412367,625.1902702527046,637.6340942382812,2700,0.0,0
2020-08-17,646.9398357387694,653.2847100022557,642.9755576745245,649.2318725585938,4300,0.0,0
2020-08-18,645.188929315236,655.2521574917496,636.0109947969171,650.343505859375,3200,0.0,0
2020-08-19,648.6908359269097,655.2422485351561,647.4809046890514,655.2422485351562,5400,0.0,0
2020-08-20,653.1765342039809,683.7695677386964,651.2091350045713,678.64453125,7000,0.0,0
2020-08-21,674.4243831185871,675.447469069759,650.2253983606032,651.6911010742188,6100,0.0,0
2020-08-24,651.6910732294137,657.1112670898438,649.9105795330709,657.1112670898438,2400,0.0,0
2020-08-25,657.0621711376035,662.0888617704622,630.5514544532413,661.046142578125,6900,0.0,0
2020-08-26,662.5708689759326,669.869903366354,662.0298461914062,662.0298461914062,3900,0.0,0
2020-08-27,659.3443209909781,660.5050792628928,651.1894132412993,651.2091064453125,4500,0.0,0
2020-08-28,644.3232381744851,651.2091353763498,643.3395385742188,643.3395385742188,2400,0.0,0
2020-08-31,645.1003244990715,645.8971187554645,620.7341267847899,621.4226684570312,6800,0.0,0
2020-09-01,626.5969043851734,631.5350952148438,623.9999832690888,631.5350952148438,3500,0.0,0
2020-09-02,629.7644523323647,661.0263922353103,629.7644523323647,647.2742919921875,6200,0.0,0
2020-09-03,653.8060512786728,662.43305508199,645.641357421875,645.641357421875,5800,0.0,0
2020-09-04,649.4385039289213,649.4385039289213,615.5205000578733,633.2959594726562,4800,0.0,0
2020-09-08,621.1079379133408,624.708251953125,619.7602742939463,624.708251953125,3300,0.0,0
2020-09-09,628.121657267419,630.3546142578125,627.993771531904,630.3546142578125,2100,0.0,0
2020-09-10,625.7312814576218,629.1250570309687,625.6427821175932,627.3052368164062,2800,0.0,0
2020-09-11,620.7242570094709,625.8591397944714,620.7242570094709,622.927734375,3500,0.0,0
2020-09-14,623.6083539677767,625.1175537109375,621.448079663538,625.1175537109375,4000,1.75,0
2020-09-15,625.5614752249143,629.1915140301485,621.4480975324391,622.4443969726562,2600,0.0,0
2020-09-16,605.6750952419322,624.1113891601564,604.9352761604732,624.1113891601562,9100,0.0,0
2020-09-17,625.8870193187462,625.8870193187462,621.8328247070312,621.8328247070312,2000,0.0,0
2020-09-18,637.4183782816466,647.97314453125,621.4481449731967,647.97314453125,18300,0.0,0
2020-09-21,639.5983974496365,639.5983974496365,621.4481419204152,628.24462890625,7300,0.0,0
2020-09-22,624.4073738523665,627.85986328125,623.4209483012569,627.85986328125,2700,0.0,0
2020-09-23,621.4480866958438,621.4678344726562,621.3987774604492,621.4678344726562,3900,0.0,0
2020-09-24,624.308766567219,660.9051310865185,619.4752571975129,623.4209594726562,14300,0.0,0
2020-09-25,644.5600573798259,644.5600573798259,612.5012261360044,622.0596923828125,4800,0.0,0
2020-09-28,623.6182556698299,663.8446589956748,623.6182556698299,626.370361328125,8900,0.0,0
2020-09-29,622.7600835942766,624.3876496911836,612.6689088842375,613.6553344726562,10300,0.0,0
2020-09-30,620.1459935606656,624.752583917397,617.5023803710938,617.5023803710938,10500,0.0,0
2020-10-01,622.434455870212,622.434455870212,599.7565445199826,602.8045654296875,11900,0.0,0
2020-10-02,600.7331779038611,602.2226901619396,573.1132616783963,596.7874755859375,13400,0.0,0
2020-10-05,604.678836423049,617.0091552734375,599.7467088828936,617.0091552734375,9500,0.0,0
2020-10-06,619.4752301448018,629.5762178949929,610.3211723670436,612.5702514648438,6900,0.0,0
2020-10-07,621.4480625356421,623.4209135278187,614.5430840630238,620.5701293945312,8500,0.0,0
2020-10-08,622.1287740959565,622.1287740959565,614.5530325906935,615.7367553710938,9500,0.0,0
2020-10-09,621.3494336424358,637.1420549962365,617.600968654892,631.6575317382812,13800,0.0,0
2020-10-12,629.6846942436079,646.6512248957465,629.6846942436079,643.6426391601562,8900,0.0,0
2020-10-13,633.4825008724889,643.6426720061239,631.7858176173737,641.1568603515625,8400,0.0,0
2020-10-14,643.1494351720594,646.1087117142621,633.2851800313837,637.7931518554688,10600,0.0,0
2020-10-15,633.778435369719,648.9200439453125,632.8018836782427,648.9200439453125,8600,0.0,0
2020-10-16,645.2209180488088,676.4906195345137,645.2209180488088,663.0752563476562,27700,0.0,0
2020-10-19,665.7189229551183,669.2897788599918,646.6019897460938,646.6019897460938,8100,0.0,0
2020-10-20,643.3664844156361,654.0001814230296,639.973238105271,644.1359252929688,8600,0.0,0
2020-10-21,636.2444613842254,649.0679931640625,631.6575586264755,649.0679931640625,15000,0.0,0
2020-10-22,646.0298756386711,670.0888119077099,646.0298756386711,660.8460083007812,6900,0.0,0
2020-10-23,654.9470585734754,657.9753919071936,646.2566528320312,646.2566528320312,4500,0.0,0
2020-10-26,639.1051651353753,639.1051651353753,631.9042101485092,636.2445068359375,4400,0.0,0
2020-10-27,636.244510960191,641.0089634582639,622.6417236328125,622.6417236328125,7400,0.0,0
2020-10-28,600.4174792176073,608.1313340207364,600.4174792176073,602.7059936523438,5000,0.0,0
2020-10-29,605.6653562059589,612.471717353472,603.6925048828125,603.6925048828125,3900,0.0,0
2020-10-30,599.5791232855428,603.1598532330032,591.865267431582,592.9898071289062,6400,0.0,0
2020-11-02,602.95263671875,602.95263671875,602.95263671875,602.95263671875,2800,0.0,0
2020-11-03,623.4209804814948,623.4209804814948,603.7713993469628,604.6788940429688,4400,0.0,0
2020-11-04,601.759047577837,602.380500518473,596.3534545898438,596.3534545898438,2300,0.0,0
2020-11-05,598.4052746616711,604.1067836483376,591.8553938534319,595.4558715820312,7100,0.0,0
2020-11-06,600.900793185442,600.900793185442,593.9267578125,593.9267578125,2800,0.0,0
2020-11-09,605.5172354037653,618.478880202223,598.3656509266511,602.8045654296875,6400,0.0,0
2020-11-10,593.8281892770373,593.8972462912847,581.9910825140398,585.640869140625,9000,0.0,0
2020-11-11,577.1477369197529,581.2512406128799,573.6064427940427,578.1834716796875,4800,0.0,0
2020-11-12,575.4116397843923,583.9639325467709,575.4116397843923,580.708740234375,4500,0.0,0
2020-11-13,588.8960882348803,591.0662366147625,586.2327270507812,586.2327270507812,5500,0.0,0
2020-11-16,594.4102779667292,607.3718656659125,594.4102779667292,604.1857299804688,5900,0.0,0
2020-11-17,594.0945487346886,600.7430474593698,593.8281945640255,593.96630859375,4200,0.0,0
2020-11-18,597.7738969851762,599.4409586111067,577.0589599609374,577.0589599609375,5600,0.0,0
2020-11-19,581.7938130831077,597.468130484935,581.7938130831077,593.6309204101562,4100,0.0,0
2020-11-20,585.4533936362626,592.5852305584825,583.3226808933255,584.0625,4200,0.0,0
2020-11-23,582.089631706997,585.9367150297438,565.1329758789317,568.7728881835938,7200,0.0,0
2020-11-24,572.8074183866256,578.0354614257811,559.3032510629256,578.0354614257812,4300,0.0,0
2020-11-25,577.0589873909588,584.3683747403219,567.6879440059774,582.5829467773438,12500,0.0,0
2020-11-27,582.1193164636486,589.3892679734173,572.6200335708263,586.3411865234375,10900,0.0,0
2020-11-30,586.9447390261788,615.1012677487233,565.0803268698292,593.6029663085938,11900,1.75,0
2020-12-01,603.496418469058,608.4233043328883,595.3640858801128,602.507080078125,8200,0.0,0
2020-12-02,606.5632049838808,606.5632049838808,596.5016527505436,602.516845703125,4100,0.0,0
2020-12-03,595.5519114791718,608.7398071289062,588.6562529293751,608.7398071289062,9100,0.0,0
2020-12-04,616.8227189116676,642.525768923531,616.8227189116676,631.8112182617188,12700,0.0,0
2020-12-07,628.2298856568567,628.2298856568567,599.865570561689,611.4111328125,7200,0.0,0
2020-12-08,599.6378831352023,625.0342392338379,599.6378831352023,621.987060546875,8000,0.0,0
2020-12-09,618.7717695889146,629.4467084667336,608.4430749739795,608.937744140625,9800,0.0,0
2020-12-10,607.5427995398238,621.7991382567245,596.1257966050404,609.9171752929688,12600,0.0,0
2020-12-11,621.3044958997417,621.3044958997417,607.0085443869476,617.0899047851562,6100,0.0,0
2020-12-14,623.2831695927352,628.2298614148998,616.4666137695312,616.4666137695312,5700,0.0,0
2020-12-15,617.0008784709529,628.7146105742465,616.2093594932434,621.20556640625,12900,0.0,0
2020-12-16,623.2633513820854,623.2633513820854,611.6683349609375,611.6683349609375,7900,0.0,0
2020-12-17,613.4590051374913,616.8524282504616,613.4590051374913,615.516845703125,3800,0.0,0
2020-12-18,623.0852713511325,638.9146847122761,614.3791060793875,633.6712036132812,34100,0.0,0
2020-12-21,620.4931622732578,622.2937651514633,609.4323677794935,617.485595703125,7500,0.0,0
2020-12-22,618.1584132208811,635.3333129882811,615.8136860933747,635.3333129882812,7500,0.0,0
2020-12-23,630.198522976558,630.7525499466936,621.3043823242188,621.3043823242188,5200,0.0,0
2020-12-24,626.6072275646746,638.5980017122754,617.1195080464129,623.29296875,4500,0.0,0
2020-12-28,627.250381534401,637.4900087250678,623.3820349890078,628.8036499023438,9800,0.0,0
2020-12-29,624.5495059528583,631.1879272460938,621.799116516602,631.1879272460938,6600,0.0,0
2020-12-30,633.3744141896437,633.6712036132812,628.2298427703881,633.6712036132812,2900,0.0,0
2020-12-31,631.2967639832268,635.3926391601562,628.8926790883559,635.3926391601562,4200,0.0,0
2021-01-04,635.7487092243954,667.8032913636138,635.7487092243954,647.1260986328125,12700,0.0,0
2021-01-05,647.9770667367713,667.8033855104227,643.2678065344794,644.0592651367188,14100,0.0,0
2021-01-06,646.5325178307575,665.3596528815633,645.6322466321466,660.4920654296875,12200,0.0,0
2021-01-07,643.0698330742136,655.8817749023438,643.0698330742136,655.8817749023438,3100,0.0,0
2021-01-08,661.6001860202686,661.6001860202686,659.4335327148438,659.4335327148438,3300,0.0,0
2021-01-11,656.9206235532407,672.7500361689815,649.0158202897619,667.8033447265625,9000,0.0,0
2021-01-12,660.6701885554563,689.9150257098337,660.6701885554563,672.730224609375,6000,0.0,0
2021-01-13,652.9632577883891,682.6434058696796,652.9632577883891,671.5628051757812,5600,0.0,0
2021-01-14,655.0408886799646,715.0640890539265,655.0408886799646,700.9956665039062,9900,0.0,0
2021-01-15,695.5048289286018,726.17431640625,695.5048289286018,726.17431640625,6400,0.0,0
2021-01-19,724.304379208874,737.0371570841811,691.2605193725124,723.6810913085938,9400,0.0,0
2021-01-20,737.0570715635464,737.0570715635464,702.8259887695311,702.8259887695312,6400,0.0,0
2021-01-21,702.835776080617,702.835776080617,686.482045824849,690.8648071289062,5700,0.0,0
2021-01-22,685.5520513489862,728.1529541015625,685.5520513489862,728.1529541015625,7700,0.0,0
2021-01-25,723.4536528915716,735.1772879333801,693.298639954572,707.4857177734375,7700,0.0,0
2021-01-26,699.1851285350109,699.1851285350109,682.7522340019153,692.5368041992188,4100,0.0,0
2021-01-27,678.171550400233,678.171550400233,657.9198258219416,659.7006225585938,7000,0.0,0
2021-01-28,655.0409051318366,676.7074394069685,655.0409051318366,655.2288818359375,7300,0.0,0
2021-01-29,655.9312690913465,662.9159948204419,644.524169921875,644.524169921875,6600,0.0,0
2021-02-01,640.9427395069288,640.9427395069288,631.2966918945312,631.2966918945312,4700,0.0,0
2021-02-02,636.2533404610265,648.5310625955153,628.2397243742101,640.9923095703125,7400,0.0,0
2021-02-03,635.1156248151959,636.1939697265625,632.7016369933962,636.1939697265625,4500,0.0,0
2021-02-04,630.2580138993106,661.3826216155874,630.2580138993106,657.9100341796875,7500,0.0,0
2021-02-05,660.8185909670048,690.2514038085936,660.8185909670048,690.2514038085938,4600,0.0,0
2021-02-08,691.9827939950508,699.4819953361975,683.1381070367221,688.5794677734375,6400,0.0,0
2021-02-09,706.8129376119152,706.8129376119152,679.8831787109375,679.8831787109375,3000,0.0,0
2021-02-10,680.6647338867186,680.6647338867186,680.6647338867186,680.6647338867188,2400,0.0,0
2021-02-11,692.5367855610899,692.5367855610899,677.6967115847808,681.0604858398438,5100,0.0,0
2021-02-12,680.9813763400501,681.0110250904781,655.0408935546876,655.0408935546875,4700,0.0,0
2021-02-16,653.4777160058447,653.4777160058447,644.4549560546876,644.4549560546875,3200,0.0,0
2021-02-17,652.6961140060886,653.9525929251909,646.8689575195312,646.8689575195312,4000,0.0,0
2021-02-18,643.0698573032272,644.9496241168023,635.1551513671875,635.1551513671875,3500,0.0,0
2021-02-19,634.5021894840197,638.1231407367335,622.3926391601562,622.3926391601562,4100,0.0,0
2021-02-22,623.3029339825416,623.3029339825416,610.28320816238,614.6956787109375,5000,0.0,0
2021-02-23,613.389701867223,629.387284119576,610.4612389715327,623.9063720703125,10300,0.0,0
2021-02-24,623.3424090680799,649.7973022460938,623.3325060248093,649.7973022460938,9000,0.0,0
2021-02-25,647.9868790774607,648.9070168371778,633.176513671875,633.176513671875,8000,0.0,0
2021-02-26,634.0173843486883,634.0173843486883,618.2374877929689,618.2374877929688,5200,0.0,0
2021-03-01,611.0252221896383,637.450470319722,611.0252221896383,631.9992065429688,7300,0.0,0
2021-03-02,632.0090289124555,637.7273722428948,622.8675537109374,622.8675537109375,4900,0.0,0
2021-03-03,628.4771629927101,628.4771629927101,608.4430621653155,627.428466796875,8600,0.0,0
2021-03-04,631.1879108879125,637.6878705439699,612.5982666015625,612.5982666015625,11700,0.0,0
2021-03-05,608.7398910557262,626.1522827148438,608.1957670254711,626.1522827148438,8500,0.0,0
2021-03-08,621.0670418699021,629.4764177042518,613.587646484375,613.587646484375,21200,0.0,0
2021-03-09,618.0098998384185,647.0272072484986,618.0098998384185,637.658203125,26400,0.0,0
2021-03-10,633.1863379934724,651.963957319452,628.2297440521224,643.465576171875,51500,0.0,0
2021-03-11,638.4991403896288,673.7096557617188,638.4991403896288,673.7096557617188,31600,0.0,0
2021-03-12,667.093800891865,691.5537759563729,667.093800891865,679.4428100585938,10300,1.75,0
2021-03-15,686.9713071409086,686.9713071409086,661.5988110097105,668.1353149414062,12700,0.0,0
2021-03-16,669.8314365923544,669.8314365923544,657.2245267171219,664.4454956054688,10600,0.0,0
2021-03-17,669.1866555705112,670.8927331981059,660.9937173703045,670.3967895507812,14700,0.0,0
2021-03-18,663.3345368238622,666.756559995059,656.8277587890625,656.8277587890625,9500,0.0,0
2021-03-19,681.6646328771225,681.6646328771225,662.3625443538103,663.3246459960938,20700,0.0,0
2021-03-22,661.7574858306949,661.7574858306949,650.6880493164061,650.6880493164062,4400,0.0,0
2021-03-23,657.6212283250558,657.6212283250558,638.4083776740525,641.14599609375,4600,0.0,0
2021-03-24,649.6862176447926,654.9630656391655,638.2795130601894,641.7610473632812,8200,0.0,0
2021-03-25,646.7501963359506,649.0910964577347,631.3660746185387,639.072998046875,9000,0.0,0
2021-03-26,636.5139289673081,639.2714048932314,636.5139289673081,636.8214721679688,3200,0.0,0
2021-03-29,629.4615943424467,634.8178100585938,625.6825060944975,634.8178100585938,6400,0.0,0
2021-03-30,630.7510183822217,645.6789704917012,630.7510183822217,640.2930297851562,6800,0.0,0
2021-03-31,642.1974412907623,659.1388932414849,636.1072387695312,636.1072387695312,11200,0.0,0
2021-04-01,638.5769553650274,645.5201656357809,638.1802368164064,638.1802368164062,6500,0.0,0
2021-04-05,643.8935758769948,646.4625907925431,643.873779296875,643.873779296875,3500,0.0,0
2021-04-06,643.7348169852337,643.7348169852337,640.7591552734375,640.7591552734375,2400,0.0,0
2021-04-07,637.724002429966,641.443579684502,636.7916259765625,636.7916259765625,2500,0.0,0
2021-04-08,636.6825561523439,636.6825561523439,636.6825561523439,636.6825561523438,1400,0.0,0
2021-04-09,640.1046073431356,640.1046073431356,634.4409087956623,638.7754516601562,2400,0.0,0
2021-04-12,647.4345598081858,656.8079066384439,639.866455078125,639.866455078125,3600,0.0,0
2021-04-13,644.5779196210596,644.5779196210596,639.866455078125,639.866455078125,1500,0.0,0
2021-04-14,643.3480198341264,646.403049729684,640.273193359375,640.273193359375,2500,0.0,0
2021-04-15,646.0756632672053,651.669921875,646.0756632672053,651.669921875,1700,0.0,0
2021-04-16,654.0901511631301,664.3660888671875,654.0901511631301,664.3660888671875,3000,0.0,0
2021-04-19,661.0234314577731,661.0234314577731,642.7429561877871,647.702392578125,3900,0.0,0
2021-04-20,636.1965398410001,646.2939453125,636.1965398410001,646.2939453125,2700,0.0,0
2021-04-21,651.4814931466905,665.9928091455731,648.5951277499049,665.5464477539062,8000,0.0,0
2021-04-22,659.5951211741809,665.1595943573714,654.0901588069606,656.897216796875,5400,0.0,0
2021-04-23,657.1253528857304,664.5645078240594,648.8927001953125,648.8927001953125,8900,0.0,0
2021-04-26,652.6618000649314,662.6104580825643,640.2731381969062,644.8258666992188,10800,0.0,0
2021-04-27,643.4074464287925,649.2199513711635,639.8267482033655,643.5761108398438,11500,0.0,0
2021-04-28,643.2687317599151,643.2687317599151,633.9548950195312,633.9548950195312,2600,0.0,0
2021-04-29,641.3246196542764,641.552734375,641.036994113364,641.552734375,3000,0.0,0
2021-04-30,631.742958410793,633.4192504882812,631.742958410793,633.4192504882812,4400,0.0,0
2021-05-03,636.801617520804,640.5707774035372,627.7158953460043,627.9638671875,7200,0.0,0
2021-05-04,610.0106444752242,610.0106444752242,608.0268700216462,608.2450561523438,4400,0.0,0
2021-05-05,605.1504252374123,611.1315347919461,590.1530939132041,596.6400756835938,8200,0.0,0
2021-05-06,604.9520728893599,628.3903740272824,604.9520728893599,607.1143798828125,5100,0.0,0
2021-05-07,612.4308954302235,624.9881619797999,612.4308954302235,620.8916625976562,3500,0.0,0
2021-05-10,626.4958431611449,626.4958431611449,612.9764146006798,615.5850830078125,3500,0.0,0
2021-05-11,609.8123425155563,624.6014170936842,609.8123425155563,611.9945068359375,2500,0.0,0
2021-05-12,608.5426836897628,618.9475712335845,591.4524252416618,591.7698364257812,5600,0.0,0
2021-05-13,595.2315124529003,605.0611489688422,594.9339583869269,599.000732421875,6400,0.0,0
2021-05-14,593.7437090750448,605.0512484255535,593.7437090750448,595.5192260742188,6000,0.0,0
2021-05-17,599.0800314427747,607.9177805886663,599.0007240529518,602.5219116210938,7300,0.0,0
2021-05-18,601.0341126713361,609.52466541241,599.6752319335938,599.6752319335938,8300,0.0,0
2021-05-19,599.0999701358588,600.0025610029336,588.8736137957028,592.9502563476562,7000,0.0,0
2021-05-20,599.2983163828281,600.081885552311,587.9411947350295,590.6390991210938,8300,0.0,0
2021-05-21,593.0494586383329,594.1504390446905,587.6932428420015,589.865478515625,4300,0.0,0
2021-05-24,582.3866178917109,587.1377359827034,582.3369750976562,582.3369750976562,3100,0.0,0
2021-05-25,587.1477109011303,612.9863634667705,587.1477109011303,605.2297973632812,14600,0.0,0
2021-05-26,599.1991160712436,632.5067097992112,599.1991160712436,607.1937255859375,10500,0.0,0
2021-05-27,612.9863875844321,615.0197445614614,609.0684204101562,609.0684204101562,8300,0.0,0
2021-05-28,614.9700878591738,619.8303595437352,611.9646404673751,615.9619750976562,8700,0.0,0
2021-06-01,613.6806915156476,625.2857851640857,613.6806915156476,622.1613159179688,8300,0.0,0
2021-06-02,622.1216350628036,630.1558977163936,611.4588469334126,612.053955078125,11900,0.0,0
2021-06-03,608.1360554612762,614.8908060801384,608.1360554612762,611.0026245117188,5000,0.0,0
2021-06-04,617.6779564727253,622.8258539606272,615.2379524701333,616.160400390625,5600,0.0,0
2021-06-07,613.9683226064794,624.3434857695331,612.0044050854033,613.1847534179688,8700,0.0,0
2021-06-08,615.9620388235422,618.441757176294,610.5860263859761,616.6563720703125,6200,0.0,0
2021-06-09,618.9376459704652,623.589599609375,618.9376459704652,623.589599609375,3100,0.0,0
2021-06-10,625.6131219074725,627.3489248615741,619.9296264648438,619.9296264648438,3400,0.0,0
2021-06-11,627.6365422917378,627.6365422917378,614.6229858398436,614.6229858398438,2500,0.0,0
2021-06-14,620.392217005992,625.166748046875,620.392217005992,625.166748046875,4400,1.75,0
2021-06-15,627.2655564643399,627.6535026769977,623.7841186523438,623.7841186523438,3100,0.0,0
2021-06-16,627.7628482522956,627.7628482522956,616.69187214913,617.7064819335938,5900,0.0,0
2021-06-17,622.6800344522001,622.6800344522001,619.5169067382812,619.5169067382812,3800,0.0,0
2021-06-18,613.0314111161729,616.8112454908093,596.1414847918849,596.81787109375,15600,0.0,0
2021-06-21,601.2243910185853,605.7701612545897,596.0321044921875,596.0321044921875,17700,0.0,0
2021-06-22,595.6242474472796,599.235000571247,578.0181073912687,579.7886962890625,16100,0.0,0
2021-06-23,580.8928107650474,610.0573200049777,576.8842153610334,602.6866455078125,16200,0.0,0
2021-06-24,608.7542723168302,616.7317578621127,608.7542723168302,610.8033447265625,6300,0.0,0
2021-06-25,605.770179422997,611.6389131634021,602.9154052734374,602.9154052734375,18500,0.0,0
2021-06-28,603.7211301597065,605.7702026367189,599.4936697964782,605.7702026367188,4000,0.0,0
2021-06-29,611.2509683839055,611.2509683839055,606.0685776571829,606.5559692382812,2300,0.0,0
2021-06-30,603.8801723317247,624.6494384394206,603.8801723317247,617.6368408203125,6800,0.0,0
2021-07-01,620.5115966796875,620.5115966796875,620.5115966796875,620.5115966796875,2900,0.0,0
2021-07-02,620.690628886816,620.690628886816,597.285390614376,599.802001953125,6000,0.0,0
2021-07-06,603.7807989500599,603.7807989500599,588.0247790650758,591.7449951171875,7700,0.0,0
2021-07-07,596.8179182423712,597.8126147727752,592.2821044921875,592.2821044921875,4100,0.0,0
2021-07-08,582.862280437931,591.8444189971516,582.862280437931,591.0884399414062,3700,0.0,0
2021-07-09,593.8238756805292,605.2628858516129,593.2867614068817,603.4326782226562,6800,0.0,0
2021-07-12,610.8132934570311,610.8132934570311,610.8132934570311,610.8132934570312,1700,0.0,0
2021-07-13,611.0022870679728,611.0022870679728,605.7304077148439,605.7304077148438,6100,0.0,0
2021-07-14,608.7343976689954,609.2317459623192,601.8013916015624,601.8013916015625,2800,0.0,0
2021-07-15,603.2833899187383,606.4664306640625,601.7714319046324,606.4664306640625,3900,0.0,0
2021-07-16,612.3749603491777,614.6030707681232,606.8842163085938,606.8842163085938,3100,0.0,0
2021-07-19,606.3869030340285,606.764892578125,605.7701960329149,606.764892578125,5500,0.0,0
2021-07-20,611.0719376373345,627.7629138780118,611.0719376373345,612.0864868164062,7500,0.0,0
2021-07-21,611.7383623583974,615.160120829966,607.3119506835938,607.3119506835938,4800,0.0,0
2021-07-22,611.250977069115,611.250977069115,603.7807963819238,607.7595825195312,7900,0.0,0
2021-07-23,606.76486790092,612.3351440429688,604.2781266390309,612.3351440429688,7800,0.0,0
2021-07-26,611.7582663935538,611.7582663935538,605.2728257272,608.9929809570312,4200,0.0,0
2021-07-27,608.1673953727227,608.2569447759201,602.8855590820312,602.8855590820312,3200,0.0,0
2021-07-28,610.7038981566485,621.88427734375,610.7038981566485,621.88427734375,4500,0.0,0
2021-07-29,623.87361551501,631.5625995217698,620.1235905313581,624.3809204101562,7500,0.0,0
2021-07-30,628.6581567513612,628.6581567513612,625.6044311523438,625.6044311523438,4400,0.0,0
2021-08-02,624.2715064985632,631.5328396036067,624.2715064985632,630.8464965820312,8600,0.0,0
2021-08-03,630.1004683226637,631.6123657226562,626.9970200918152,631.6123657226562,4300,0.0,0
2021-08-04,633.6315832432299,636.1183243208009,627.6534479789169,630.9856567382812,5700,0.0,0
2021-08-05,626.6786890043217,626.6786890043217,624.8086547851564,624.8086547851562,1100,0.0,0
2021-08-06,633.5222124453284,643.4691772460938,630.5679323295444,643.4691772460938,4200,0.0,0
2021-08-09,646.5526914197237,661.9505730123316,642.5838623046875,642.5838623046875,7400,0.0,0
2021-08-10,641.3803100585936,641.3803100585936,641.3803100585936,641.3803100585938,800,0.0,0
2021-08-11,631.8510863703896,632.3882613397869,630.6375857727047,631.5328369140625,2200,0.0,0
2021-08-12,631.6322762969921,632.1097111884169,624.6395307738115,629.6428833007812,5000,0.0,0
2021-08-13,629.6428847869,629.6428847869,623.8736572265625,623.8736572265625,1500,0.0,0
2021-08-16,624.9677956132349,643.190642685465,624.9677956132349,638.2967529296875,6000,0.0,0
2021-08-17,638.2569183380816,663.9399888052346,638.2569183380816,662.06005859375,6400,0.0,0
2021-08-18,655.6044345002921,691.3140628971139,655.6044345002921,662.8856201171875,11700,0.0,0
2021-08-19,666.4864449454568,677.875732421875,665.4420257252303,677.875732421875,6500,0.0,0
2021-08-20,681.6456327467102,695.2928393066237,681.6456327467102,690.3690795898438,7400,0.0,0
2021-08-23,688.3200155999234,715.0873321908517,680.2430849439745,699.7689819335938,16800,0.0,0
2021-08-24,701.2609888926274,726.7053407795978,696.2377840222828,710.2132568359375,13600,0.0,0
2021-08-25,709.666252312253,727.62051255775,701.5296419725803,706.184814453125,12000,0.0,0
2021-08-26,697.2723068951487,706.2345322934382,695.2630004882812,695.2630004882812,6000,0.0,0
2021-08-27,695.262949168204,705.6674959011023,692.6071266434158,698.286865234375,4500,0.0,0
2021-08-30,699.8983154296875,699.8983154296875,699.8983154296875,699.8983154296875,1600,0.0,0
2021-08-31,708.8804210158768,708.8804210158768,690.3790893554688,690.3790893554688,6800,0.0,0
2021-09-01,685.6542827683152,701.0323134291035,685.6542827683152,695.8399658203125,7200,0.0,0
2021-09-02,701.2610432966779,705.9559817074626,700.962646484375,700.962646484375,3600,0.0,0
2021-09-03,701.2610505057196,714.6695402423327,701.2610505057196,711.1980590820312,8300,0.0,0
2021-09-07,711.0090600300738,729.112548828125,707.1695460353712,729.112548828125,7400,0.0,0
2021-09-08,722.537650898073,733.0316874944108,722.537650898073,723.1543579101562,6400,0.0,0
2021-09-09,730.4155747432152,748.608551629407,726.3970227929447,742.0435791015625,13000,0.0,0
2021-09-10,742.4415020312757,753.781005859375,742.0435991412552,753.781005859375,11800,0.0,0
2021-09-13,772.113279041011,779.682965882732,751.0058475155629,753.97998046875,8600,0.0,0
2021-09-14,757.9190899508873,757.9190899508873,738.5422973632812,738.5422973632812,12800,1.95,0
2021-09-15,735.4607891240936,740.0282663062637,724.8000554913001,737.0963134765625,7200,0.0,0
2021-09-16,732.2894876420336,732.9875832282405,728.9985351562501,728.99853515625,5300,0.0,0
2021-09-17,733.3465450041426,745.682670659077,724.919669214448,726.9840087890625,29600,0.0,0
2021-09-20,727.2034807399307,727.2034807399307,702.0724655385226,707.5474243164062,7200,0.0,0
2021-09-21,698.0833945392487,709.2627233842936,687.6619945471616,701.0253295898438,8600,0.0,0
2021-09-22,683.1244903645371,684.4807521166383,678.1381802158908,678.537109375,5800,0.0,0
2021-09-23,680.6313361568892,682.6258602188874,668.2652626252827,673.490966796875,7100,0.0,0
2021-09-24,672.5933927694957,681.4092157239025,672.5933927694957,678.2877807617188,3900,0.0,0
2021-09-27,679.1354446894899,708.8438587495342,679.1354446894899,693.0771484375,8400,0.0,0
2021-09-28,691.1025817603512,693.3962722390496,685.1289919830124,691.4515991210938,7200,0.0,0
2021-09-29,703.1295559813288,709.152996657596,698.4922632503789,701.7433471679688,5400,0.0,0
2021-09-30,702.0724742383512,710.1104038240287,695.5902709960938,695.5902709960938,5100,0.0,0
2021-10-01,699.0806639038276,707.6570927799673,698.0834019011118,701.5838012695312,4200,0.0,0
2021-10-04,689.1679014924049,689.1878662109375,689.1679014924049,689.1878662109375,2300,0.0,0
2021-10-05,693.0970887999603,693.1768868028739,688.1107788085936,688.1107788085938,3300,0.0,0
2021-10-06,687.013803525263,691.8903683559579,681.5088979086267,686.5949096679688,5600,0.0,0
2021-10-07,688.1107869923376,693.5957280480736,681.4889526367189,681.4889526367188,6600,0.0,0
2021-10-08,683.1244563963095,687.5423196641674,675.944157965689,682.8153076171875,3100,0.0,0
2021-10-11,680.3720333741707,683.1244862987284,678.6467895507814,678.6467895507812,1900,0.0,0
2021-10-12,681.429106591612,692.1995239257812,681.0302383158526,692.1995239257812,3700,0.0,0
2021-10-13,692.8677208512006,701.8430786132814,692.3291604299299,701.8430786132812,3400,0.0,0
2021-10-14,704.3162889722138,704.3162889722138,692.099829446678,694.8921508789062,4600,0.0,0
2021-10-15,698.9809326468701,698.9809326468701,672.9623413085936,672.9623413085938,7500,0.0,0
2021-10-18,678.6368044447642,687.0935668945312,677.1409114151284,687.0935668945312,3700,0.0,0
2021-10-19,684.2314453125001,684.2314453125001,684.2314453125001,684.2314453125,800,0.0,0
2021-10-20,692.0997995438709,703.5184611479937,686.1162277898893,701.9727172851562,7000,0.0,0
2021-10-21,706.0614898129779,717.2008892123147,706.0614898129779,708.2056274414062,3800,0.0,0
2021-10-22,706.9091554594589,715.0368652343751,705.3035782225628,715.036865234375,2200,0.0,0
2021-10-25,711.5464317799209,712.0450627762627,706.0614908201597,709.85107421875,2800,0.0,0
2021-10-26,697.534901748469,711.5364379882812,697.534901748469,711.5364379882812,3100,0.0,0
2021-10-27,704.2265309456872,707.1385799091244,690.4344408444114,698.7017211914062,3400,0.0,0
2021-10-28,684.4109102088624,696.8866674609551,684.4109102088624,693.2666015625,1700,0.0,0
2021-10-29,707.6770339965369,727.7120537476941,706.6598073097744,726.0067138671875,5000,0.0,0
2021-11-01,726.0067637272065,738.9412231445312,715.7948101960845,738.9412231445312,7300,0.0,0
2021-11-02,746.4007740105425,768.1909248869699,746.4007740105425,767.3931274414062,6900,0.0,0
2021-11-03,767.8917332285458,785.1244496532437,767.8917332285458,773.8753051757812,5600,0.0,0
2021-11-04,765.8972035618448,773.2868880798981,765.8972035618448,770.9832153320312,2500,0.0,0
2021-11-05,777.86436841938,786.8397265165268,777.86436841938,779.5497436523438,3900,0.0,0
2021-11-08,783.8479614257812,783.8479614257812,783.8479614257812,783.8479614257812,1800,0.0,0
2021-11-09,787.8369939713704,801.1404960692308,777.8643737945175,799.8041381835938,4900,0.0,0
2021-11-10,803.4142057807835,803.4142057807835,792.6039198109692,798.1087646484375,4500,0.0,0
2021-11-11,794.8377685546875,794.8377685546875,794.8377685546875,794.8377685546875,2000,0.0,0
2021-11-12,797.011803852748,797.011803852748,794.2194824218749,794.219482421875,1700,0.0,0
2021-11-15,779.8589100855969,779.9785766601562,777.8643860188818,779.9785766601562,2500,0.0,0
2021-11-16,782.730985539453,782.730985539453,777.9840087890625,777.9840087890625,2500,0.0,0
2021-11-17,773.0775170444831,773.0775170444831,768.8989868164062,768.8989868164062,2000,0.0,0
2021-11-18,776.5180916349959,787.8270087889142,776.5180916349959,784.1969604492188,2800,0.0,0
2021-11-19,773.3368222536433,773.3368222536433,756.3634033203125,756.3634033203125,4200,0.0,0
2021-11-22,758.2282943147499,759.1258544921875,758.2282943147499,759.1258544921875,3300,0.0,0
2021-11-23,750.429690285272,763.9027099609375,741.1751303590601,763.9027099609375,8100,0.0,0
2021-11-24,759.4150390624999,759.4150390624999,759.4150390624999,759.4150390625,1500,0.0,0
2021-11-26,762.9054062187618,762.9054062187618,733.18701171875,733.18701171875,4400,0.0,0
2021-11-29,710.25,710.25,710.25,710.25,2300,0.0,0
2021-11-30,712.0900268554688,712.0900268554688,703.989990234375,709.989990234375,7600,1.95,0
2021-12-01,705.0,705.0,697.0,697.0,3300,0.0,0
2021-12-02,700.6300048828125,715.0,700.6300048828125,715.0,2400,0.0,0
2021-12-03,742.2899780273438,742.2899780273438,694.0,697.8800048828125,3700,0.0,0
2021-12-06,712.77001953125,716.3099975585938,702.0,708.6900024414062,7400,0.0,0
2021-12-07,706.5999755859375,713.989990234375,701.7100219726562,701.7100219726562,3900,0.0,0
2021-12-08,688.3499755859375,688.3499755859375,688.3499755859375,688.3499755859375,1800,0.0,0
2021-12-09,694.7999877929688,706.3400268554688,690.0,701.0,11000,0.0,0
2021-12-10,704.25,704.25,698.5,698.5,5700,0.0,0
2021-12-13,687.3800048828125,692.010009765625,682.5599975585938,686.0,5100,0.0,0
2021-12-14,679.0,683.489990234375,663.25,672.260009765625,6900,0.0,0
2021-12-15,671.0499877929688,683.0,664.0,679.3200073242188,7000,0.0,0
2021-12-16,686.4099731445312,686.4099731445312,655.489990234375,655.489990234375,5300,0.0,0
2021-12-17,657.719970703125,684.0,652.9099731445312,684.0,9600,0.0,0
2021-12-20,692.1400146484375,788.0,692.1400146484375,709.9000244140625,10300,0.0,0
2021-12-21,709.8200073242188,714.0,696.47998046875,699.969970703125,7600,0.0,0
2021-12-22,621.0,657.6900024414062,621.0,650.1500244140625,6600,0.0,0
2021-12-23,654.280029296875,659.469970703125,643.989990234375,659.469970703125,3600,0.0,0
2021-12-27,665.010009765625,724.9600219726562,662.6699829101562,713.5,8000,0.0,0
2021-12-28,716.2899780273438,732.5,705.6699829101562,715.4400024414062,5200,0.0,0
2021-12-29,713.5599975585938,713.5599975585938,690.27001953125,695.719970703125,5400,0.0,0
2021-12-30,709.0,709.0,699.9000244140625,699.9000244140625,2400,0.0,0
2021-12-31,725.969970703125,725.969970703125,704.9000244140625,704.9000244140625,2000,0.0,0
2022-01-03,690.47998046875,703.9600219726562,687.5499877929688,703.3200073242188,4800,0.0,0
2022-01-04,695.4500122070312,695.4500122070312,686.5,693.219970703125,2300,0.0,0
2022-01-05,709.239990234375,709.239990234375,672.010009765625,672.010009765625,3500,0.0,0
2022-01-06,677.0999755859375,677.0999755859375,673.1199951171875,673.1199951171875,1800,0.0,0
2022-01-07,669.8200073242188,669.8200073242188,669.8200073242188,669.8200073242188,1500,0.0,0
2022-01-10,655.2899780273438,677.5399780273438,655.2899780273438,677.5399780273438,3400,0.0,0
2022-01-11,680.510009765625,680.510009765625,675.0,677.77001953125,3200,0.0,0
2022-01-12,683.0999755859375,683.0999755859375,683.0999755859375,683.0999755859375,2000,0.0,0
2022-01-13,674.469970703125,678.77001953125,670.5700073242188,670.5700073242188,2600,0.0,0
2022-01-14,696.0,696.0,692.489990234375,692.489990234375,2000,0.0,0
2022-01-18,676.47998046875,682.030029296875,660.0,660.0,3800,0.0,0
2022-01-19,658.1300048828125,662.0599975585938,658.1300048828125,662.0599975585938,2200,0.0,0
2022-01-20,636.0,636.0,636.0,636.0,1800,0.0,0
2022-01-21,629.8099975585938,632.4000244140625,617.0999755859375,617.0999755859375,5900,0.0,0
2022-01-24,620.9199829101562,650.5,618.9199829101562,650.5,9200,0.0,0
2022-01-25,653.5700073242188,653.5700073242188,624.5499877929688,624.5499877929688,10600,0.0,0
2022-01-26,628.0,643.2899780273438,607.52001953125,608.72998046875,5100,0.0,0
2022-01-27,601.25,612.72998046875,601.25,607.3099975585938,3700,0.0,0
2022-01-28,586.280029296875,610.0,585.27001953125,610.0,6800,0.0,0
2022-01-31,622.760009765625,625.0,600.22998046875,605.4099731445312,5000,0.0,0
2022-02-01,615.3099975585938,618.0,596.0,616.0999755859375,6100,0.0,0
2022-02-02,616.0,616.0,613.4000244140625,613.4000244140625,4000,0.0,0
2022-02-03,600.0,604.530029296875,600.0,601.4000244140625,3000,0.0,0
2022-02-04,600.0,632.0,600.0,632.0,9900,0.0,0
2022-02-07,621.02001953125,635.0,621.0,632.0,10900,0.0,0
2022-02-08,621.02001953125,625.510009765625,625.510009765625,625.510009765625,126,0.0,0
