Date,Open,High,Low,Close,Volume,Dividends,Stock Splits
2017-02-08,2.4358971118927,2.4358971118927,2.3397440910339355,2.403846025466919,2059,0,0.0
2017-02-09,2.403846025466919,2.4358971118927,2.3397440910339355,2.403846025466919,16224,0,0.0
2017-02-10,2.8525640964508057,2.9166669845581055,2.8525640964508057,2.9166669845581055,4898,0,0.0
2017-02-13,2.9487180709838867,2.980768918991089,2.7243590354919434,2.9166669845581055,10764,0,0.0
2017-02-14,2.9166669845581055,3.0128209590911865,2.884614944458008,2.980768918991089,7550,0,0.0
2017-02-15,2.8205130100250244,2.9166669845581055,2.8205130100250244,2.8525640964508057,6770,0,0.0
2017-02-16,3.0448720455169678,3.07692289352417,3.0128209590911865,3.0448720455169678,4649,0,0.0
2017-02-17,2.9166669845581055,3.3012819290161133,2.9166669845581055,3.3012819290161133,19094,0,0.0
2017-02-21,3.3333330154418945,3.3333330154418945,3.2051279544830322,3.3012819290161133,7270,0,0.0
2017-02-22,3.3012819290161133,3.3012819290161133,3.0448720455169678,3.0448720455169678,4212,0,0.0
2017-02-23,3.0448720455169678,3.108973979949951,3.0448720455169678,3.0448720455169678,4586,0,0.0
2017-02-24,3.0448720455169678,3.0448720455169678,2.7564098834991455,2.8205130100250244,19282,0,0.0
2017-02-27,2.7564098834991455,2.7564098834991455,2.7243590354919434,2.7564098834991455,3650,0,0.0
2017-02-28,2.884614944458008,2.9487180709838867,2.8205130100250244,2.9487180709838867,5834,0,0.0
2017-03-01,3.108973979949951,3.108973979949951,3.0448720455169678,3.108973979949951,4306,0,0.0
2017-03-02,3.108973979949951,3.108973979949951,2.9487180709838867,3.0128209590911865,2122,0,0.0
2017-03-03,2.788461923599243,2.788461923599243,2.7564098834991455,2.7564098834991455,686,0,0.0
2017-03-06,2.7564098834991455,2.9166669845581055,2.7564098834991455,2.9166669845581055,5242,0,0.0
2017-03-07,2.884614944458008,2.884614944458008,2.788461923599243,2.884614944458008,2184,0,0.0
2017-03-08,2.788461923599243,2.8205130100250244,2.7564098834991455,2.7564098834991455,3307,0,0.0
2017-03-09,2.9487180709838867,2.9487180709838867,2.884614944458008,2.884614944458008,718,0,0.0
2017-03-10,3.0448720455169678,3.07692289352417,3.0128209590911865,3.0128209590911865,1435,0,0.0
2017-03-13,3.07692289352417,3.2051279544830322,3.07692289352417,3.07692289352417,967,0,0.0
2017-03-14,2.788461923599243,2.9166669845581055,2.788461923599243,2.9166669845581055,1279,0,0.0
2017-03-15,2.9166669845581055,3.07692289352417,2.9166669845581055,2.9166669845581055,4025,0,0.0
2017-03-16,2.9166669845581055,2.9166669845581055,2.9166669845581055,2.9166669845581055,0,0,0.0
2017-03-17,2.9166669845581055,2.9487180709838867,2.9166669845581055,2.9166669845581055,6490,0,0.0
2017-03-20,2.884614944458008,2.9487180709838867,2.8205130100250244,2.8205130100250244,8081,0,0.0
2017-03-21,2.7564098834991455,2.9487180709838867,2.7564098834991455,2.9487180709838867,4399,0,0.0
2017-03-22,2.8525640964508057,2.884614944458008,2.788461923599243,2.884614944458008,5210,0,0.0
2017-03-23,2.884614944458008,2.884614944458008,2.884614944458008,2.884614944458008,250,0,0.0
2017-03-24,2.8525640964508057,2.8525640964508057,2.8525640964508057,2.8525640964508057,780,0,0.0
2017-03-27,2.9166669845581055,2.9487180709838867,2.8205130100250244,2.8205130100250244,1872,0,0.0
2017-03-28,2.9166669845581055,2.9487180709838867,2.8525640964508057,2.8525640964508057,6490,0,0.0
2017-03-29,2.7243590354919434,2.884614944458008,2.7243590354919434,2.884614944458008,4524,0,0.0
2017-03-30,2.8525640964508057,2.8525640964508057,2.692307949066162,2.7243590354919434,13572,0,0.0
2017-03-31,2.788461923599243,2.788461923599243,2.5,2.788461923599243,3713,0,0.0
2017-04-03,2.7243590354919434,2.8525640964508057,2.7243590354919434,2.8205130100250244,1279,0,0.0
2017-04-04,2.788461923599243,2.8525640964508057,2.7564098834991455,2.7564098834991455,4337,0,0.0
2017-04-05,2.7564098834991455,2.788461923599243,2.7243590354919434,2.7243590354919434,6458,0,0.0
2017-04-06,2.6602559089660645,2.692307949066162,2.5,2.5641028881073,1903,0,0.0
2017-04-07,2.5641028881073,2.692307949066162,2.5320510864257812,2.692307949066162,3775,0,0.0
2017-04-10,2.6282050609588623,2.6282050609588623,2.6282050609588623,2.6282050609588623,312,0,0.0
2017-04-11,2.6602559089660645,2.6602559089660645,2.596153974533081,2.596153974533081,2527,0,0.0
2017-04-12,2.596153974533081,2.8525640964508057,2.4679489135742188,2.4679489135742188,10421,0,0.0
2017-04-13,2.692307949066162,2.692307949066162,2.596153974533081,2.596153974533081,1061,0,0.0
2017-04-17,2.596153974533081,2.692307949066162,2.596153974533081,2.692307949066162,3151,0,0.0
2017-04-18,2.692307949066162,2.692307949066162,2.692307949066162,2.692307949066162,0,0,0.0
2017-04-19,2.692307949066162,2.884614944458008,2.692307949066162,2.884614944458008,811,0,0.0
2017-04-20,2.884614944458008,2.884614944458008,2.884614944458008,2.884614944458008,3182,0,0.0
2017-04-21,2.8525640964508057,2.8525640964508057,2.8525640964508057,2.8525640964508057,842,0,0.0
2017-04-24,2.884614944458008,2.884614944458008,2.884614944458008,2.884614944458008,1841,0,0.0
2017-04-25,2.9487180709838867,3.108973979949951,2.9487180709838867,3.07692289352417,811,0,0.0
2017-04-26,3.108973979949951,3.3012819290161133,3.108973979949951,3.17307710647583,5491,0,0.0
2017-04-27,3.2051279544830322,3.2371790409088135,3.141026020050049,3.2051279544830322,4867,0,0.0
2017-04-28,3.2051279544830322,3.557692050933838,3.2051279544830322,3.4294869899749756,14446,0,0.0
2017-05-01,3.461538076400757,3.846153974533081,3.461538076400757,3.846153974533081,13010,0,0.0
2017-05-02,3.7820510864257812,3.7820510864257812,3.5256409645080566,3.5897440910339355,14570,0,0.0
2017-05-03,3.5897440910339355,3.6858971118927,3.557692050933838,3.6858971118927,1778,0,0.0
2017-05-04,3.7820510864257812,3.942307949066162,3.7820510864257812,3.7820510864257812,34850,0,0.0
2017-05-05,3.7820510864257812,3.7820510864257812,3.75,3.7820510864257812,1123,0,0.0
2017-05-08,3.846153974533081,3.846153974533081,3.653846025466919,3.653846025466919,13260,0,0.0
2017-05-09,3.6858971118927,3.7179489135742188,3.6217949390411377,3.6217949390411377,1373,0,0.0
2017-05-10,3.7179489135742188,3.7179489135742188,3.365385055541992,3.5256409645080566,9360,0,0.0
2017-05-11,3.5256409645080566,3.5256409645080566,3.5256409645080566,3.5256409645080566,0,0,0.0
2017-05-12,3.4294869899749756,3.6217949390411377,3.4294869899749756,3.6217949390411377,1217,0,0.0
2017-05-15,3.653846025466919,3.7179489135742188,3.6217949390411377,3.653846025466919,1435,0,0.0
2017-05-16,3.365385055541992,3.4294869899749756,3.365385055541992,3.3974359035491943,1498,0,0.0
2017-05-17,3.4294869899749756,3.461538076400757,3.2051279544830322,3.365385055541992,1903,0,0.0
2017-05-18,3.365385055541992,3.365385055541992,3.365385055541992,3.365385055541992,0,0,0.0
2017-05-19,3.4294869899749756,3.4294869899749756,3.3974359035491943,3.3974359035491943,3058,0,0.0
2017-05-22,3.4294869899749756,3.4294869899749756,3.4294869899749756,3.4294869899749756,374,0,0.0
2017-05-23,3.4294869899749756,3.4294869899749756,3.3333330154418945,3.3333330154418945,1061,0,0.0
2017-05-24,3.141026020050049,3.141026020050049,3.141026020050049,3.141026020050049,1685,0,0.0
2017-05-25,3.0128209590911865,3.108973979949951,3.0128209590911865,3.108973979949951,1810,0,0.0
2017-05-26,3.17307710647583,3.2051279544830322,3.17307710647583,3.2051279544830322,1872,0,0.0
2017-05-30,3.3012819290161133,3.3012819290161133,3.3012819290161133,3.3012819290161133,312,0,0.0
2017-05-31,3.269231081008911,3.269231081008911,3.07692289352417,3.17307710647583,4087,0,0.0
2017-06-01,3.17307710647583,3.17307710647583,2.9487180709838867,2.9487180709838867,1716,0,0.0
2017-06-02,3.07692289352417,3.07692289352417,3.0128209590911865,3.0128209590911865,6646,0,0.0
2017-06-05,3.0128209590911865,3.0448720455169678,3.0128209590911865,3.0448720455169678,2028,0,0.0
2017-06-06,2.884614944458008,2.884614944458008,2.884614944458008,2.884614944458008,468,0,0.0
2017-06-07,2.884614944458008,2.884614944458008,2.884614944458008,2.884614944458008,0,0,0.0
2017-06-12,2.884614944458008,2.884614944458008,2.884614944458008,2.884614944458008,1560,0,0.0
2017-06-13,2.884614944458008,2.9487180709838867,2.884614944458008,2.9487180709838867,2340,0,0.0
2017-06-14,2.884614944458008,2.884614944458008,2.884614944458008,2.884614944458008,62,0,0.0
2017-06-15,2.9487180709838867,2.9487180709838867,2.9487180709838867,2.9487180709838867,343,0,0.0
2017-06-16,2.9487180709838867,2.9487180709838867,2.9487180709838867,2.9487180709838867,0,0,0.0
2017-06-19,2.884614944458008,2.884614944458008,2.884614944458008,2.884614944458008,312,0,0.0
2017-06-22,2.8525640964508057,2.8525640964508057,2.8525640964508057,2.8525640964508057,406,0,0.0
2017-06-23,2.7243590354919434,2.7564098834991455,2.7243590354919434,2.7243590354919434,7238,0,0.0
2017-06-26,2.692307949066162,2.8205130100250244,2.692307949066162,2.8205130100250244,1373,0,0.0
2017-06-27,2.8205130100250244,2.8205130100250244,2.788461923599243,2.788461923599243,437,0,0.0
2017-06-28,2.788461923599243,2.788461923599243,2.788461923599243,2.788461923599243,0,0,0.0
2017-06-29,2.884614944458008,2.9487180709838867,2.884614944458008,2.9487180709838867,1997,0,0.0
2017-06-30,2.9166669845581055,3.07692289352417,2.9166669845581055,3.0448720455169678,1685,0,0.0
2017-07-03,2.884614944458008,2.884614944458008,2.884614944458008,2.884614944458008,374,0,0.0
2017-07-05,2.980768918991089,2.980768918991089,2.884614944458008,2.9166669845581055,11419,0,0.0
2017-07-06,3.108973979949951,3.108973979949951,3.0128209590911865,3.0128209590911865,5023,0,0.0
2017-07-07,3.108973979949951,3.108973979949951,3.0128209590911865,3.0128209590911865,2278,0,0.0
2017-07-10,3.2051279544830322,3.2051279544830322,3.108973979949951,3.17307710647583,1248,0,0.0
2017-07-11,3.07692289352417,3.07692289352417,2.980768918991089,2.980768918991089,2371,0,0.0
2017-07-12,3.141026020050049,3.3974359035491943,3.141026020050049,3.3012819290161133,3526,0,0.0
2017-07-13,3.3012819290161133,3.3333330154418945,3.269231081008911,3.269231081008911,1248,0,0.0
2017-07-14,3.3012819290161133,3.3012819290161133,3.3012819290161133,3.3012819290161133,156,0,0.0
2017-07-18,3.269231081008911,3.3012819290161133,3.269231081008911,3.3012819290161133,9360,0,0.0
2017-07-19,3.108973979949951,3.108973979949951,2.8205130100250244,2.980768918991089,6864,0,0.0
2017-07-20,3.108973979949951,3.141026020050049,3.108973979949951,3.141026020050049,3682,0,0.0
2017-07-21,3.108973979949951,3.141026020050049,3.108973979949951,3.108973979949951,2028,0,0.0
2017-07-24,3.07692289352417,3.07692289352417,3.07692289352417,3.07692289352417,250,0,0.0
2017-07-25,3.141026020050049,3.141026020050049,3.141026020050049,3.141026020050049,2309,0,0.0
2017-07-26,3.141026020050049,3.141026020050049,3.141026020050049,3.141026020050049,62,0,0.0
2017-07-27,3.108973979949951,3.108973979949951,3.0448720455169678,3.0448720455169678,8674,0,0.0
2017-07-28,3.141026020050049,3.2051279544830322,3.141026020050049,3.17307710647583,4212,0,0.0
2017-07-31,2.9166669845581055,2.980768918991089,2.9166669845581055,2.980768918991089,281,0,0.0
2017-08-01,3.0128209590911865,3.0448720455169678,2.980768918991089,2.980768918991089,1622,0,0.0
2017-08-02,3.0448720455169678,3.0448720455169678,3.0128209590911865,3.0128209590911865,1934,0,0.0
2017-08-03,3.108973979949951,3.108973979949951,3.0448720455169678,3.0448720455169678,281,0,0.0
2017-08-04,3.0128209590911865,3.0128209590911865,2.980768918991089,2.980768918991089,2621,0,0.0
2017-08-07,2.980768918991089,2.980768918991089,2.980768918991089,2.980768918991089,1591,0,0.0
2017-08-08,2.980768918991089,2.980768918991089,2.980768918991089,2.980768918991089,0,0,0.0
2017-08-09,3.07692289352417,3.07692289352417,3.07692289352417,3.07692289352417,374,0,0.0
2017-08-10,3.108973979949951,3.108973979949951,3.0448720455169678,3.0448720455169678,4118,0,0.0
2017-08-11,2.980768918991089,3.0128209590911865,2.980768918991089,3.0128209590911865,312,0,0.0
2017-08-14,3.07692289352417,3.07692289352417,3.0448720455169678,3.0448720455169678,1778,0,0.0
2017-08-15,3.0128209590911865,3.0128209590911865,2.980768918991089,2.980768918991089,437,0,0.0
2017-08-16,3.0128209590911865,3.0128209590911865,2.9487180709838867,2.9487180709838867,1654,0,0.0
2017-08-17,3.0448720455169678,3.0448720455169678,3.0448720455169678,3.0448720455169678,312,0,0.0
2017-08-18,3.0448720455169678,3.108973979949951,3.0448720455169678,3.108973979949951,1123,0,0.0
2017-08-21,3.108973979949951,3.141026020050049,3.108973979949951,3.141026020050049,2371,0,0.0
2017-08-22,3.07692289352417,3.07692289352417,3.07692289352417,3.07692289352417,4243,0,0.0
2017-08-23,3.0128209590911865,3.0448720455169678,3.0128209590911865,3.0448720455169678,1404,0,0.0
2017-08-24,3.0448720455169678,3.0448720455169678,3.0448720455169678,3.0448720455169678,0,0,0.0
2017-08-25,2.980768918991089,2.980768918991089,2.884614944458008,2.980768918991089,4930,0,0.0
2017-08-28,3.0128209590911865,3.0448720455169678,2.9487180709838867,2.9487180709838867,3869,0,0.0
2017-08-29,2.9487180709838867,2.9487180709838867,2.9487180709838867,2.9487180709838867,281,0,0.0
2017-08-30,3.07692289352417,3.108973979949951,3.0128209590911865,3.07692289352417,17410,0,0.0
2017-08-31,3.141026020050049,3.141026020050049,3.0128209590911865,3.0128209590911865,1810,0,0.0
2017-09-01,3.0128209590911865,3.0128209590911865,3.0128209590911865,3.0128209590911865,0,0,0.0
2017-09-05,3.07692289352417,3.108973979949951,2.980768918991089,2.980768918991089,5335,0,0.0
2017-09-06,2.980768918991089,2.980768918991089,2.788461923599243,2.788461923599243,686,0,0.0
2017-09-11,2.8525640964508057,3.0448720455169678,2.8525640964508057,3.0448720455169678,2496,0,0.0
2017-09-12,2.9487180709838867,2.980768918991089,2.9487180709838867,2.980768918991089,3151,0,0.0
2017-09-13,3.141026020050049,3.141026020050049,3.07692289352417,3.07692289352417,1092,0,0.0
2017-09-14,3.141026020050049,3.141026020050049,3.141026020050049,3.141026020050049,1342,0,0.0
2017-09-15,3.141026020050049,3.141026020050049,3.108973979949951,3.108973979949951,1778,0,0.0
2017-09-18,3.07692289352417,3.108973979949951,3.0128209590911865,3.0128209590911865,1030,0,0.0
2017-09-19,3.0448720455169678,3.0448720455169678,3.0448720455169678,3.0448720455169678,624,0,0.0
2017-09-20,3.07692289352417,3.07692289352417,3.07692289352417,3.07692289352417,468,0,0.0
2017-09-21,2.9487180709838867,3.141026020050049,2.9487180709838867,3.108973979949951,3120,0,0.0
2017-09-22,3.0448720455169678,3.0448720455169678,3.0448720455169678,3.0448720455169678,1810,0,0.0
2017-09-25,2.9487180709838867,2.9487180709838867,2.9487180709838867,2.9487180709838867,125,0,0.0
2017-09-26,2.9487180709838867,2.9487180709838867,2.9487180709838867,2.9487180709838867,967,0,0.0
2017-09-27,2.788461923599243,2.8525640964508057,2.788461923599243,2.8525640964508057,1966,0,0.0
2017-09-28,2.8525640964508057,2.884614944458008,2.7243590354919434,2.7243590354919434,2870,0,0.0
2017-09-29,2.7243590354919434,2.7243590354919434,2.7243590354919434,2.7243590354919434,0,0,0.0
2017-10-02,2.692307949066162,2.692307949066162,2.692307949066162,2.692307949066162,125,0,0.0
2017-10-03,2.788461923599243,2.8525640964508057,2.7564098834991455,2.7564098834991455,686,0,0.0
2017-10-04,2.8205130100250244,2.884614944458008,2.8205130100250244,2.8525640964508057,5522,0,0.0
2017-10-05,2.7564098834991455,2.884614944458008,2.7564098834991455,2.884614944458008,2995,0,0.0
2017-10-06,2.7564098834991455,2.7564098834991455,2.7564098834991455,2.7564098834991455,187,0,0.0
2017-10-09,2.7564098834991455,2.7564098834991455,2.7564098834991455,2.7564098834991455,0,0,0.0
2017-10-10,2.8525640964508057,2.8525640964508057,2.7564098834991455,2.8205130100250244,18034,0,0.0
2017-10-11,2.8205130100250244,3.269231081008911,2.8205130100250244,3.269231081008911,3619,0,0.0
2017-10-12,3.3333330154418945,3.4935901165008545,3.3333330154418945,3.4294869899749756,5928,0,0.0
2017-10-13,3.4294869899749756,3.4294869899749756,3.4294869899749756,3.4294869899749756,0,0,0.0
2017-10-16,3.3974359035491943,3.3974359035491943,3.269231081008911,3.3333330154418945,1966,0,0.0
2017-10-17,3.3012819290161133,3.3012819290161133,3.3012819290161133,3.3012819290161133,31,0,0.0
2017-10-18,3.269231081008911,3.269231081008911,3.269231081008911,3.269231081008911,1279,0,0.0
2017-10-19,3.365385055541992,3.365385055541992,3.2051279544830322,3.2051279544830322,6115,0,0.0
2017-10-20,3.17307710647583,3.269231081008911,3.17307710647583,3.269231081008911,2496,0,0.0
2017-10-23,3.461538076400757,3.4935901165008545,3.3974359035491943,3.4935901165008545,6458,0,0.0
2017-10-24,3.4935901165008545,3.4935901165008545,3.4935901165008545,3.4935901165008545,0,0,0.0
2017-10-27,3.365385055541992,3.365385055541992,3.269231081008911,3.269231081008911,2059,0,0.0
2017-10-30,3.461538076400757,3.6217949390411377,3.461538076400757,3.557692050933838,6583,0,0.0
2017-10-31,3.461538076400757,3.8141028881073,3.461538076400757,3.7820510864257812,32604,0,0.0
2017-11-01,3.7820510864257812,3.7820510864257812,3.461538076400757,3.5897440910339355,4867,0,0.0
2017-11-02,3.5256409645080566,3.557692050933838,3.5256409645080566,3.557692050933838,2090,0,0.0
2017-11-03,3.7820510864257812,3.7820510864257812,3.653846025466919,3.7179489135742188,1404,0,0.0
2017-11-06,3.7820510864257812,3.7820510864257812,3.7179489135742188,3.7820510864257812,5335,0,0.0
2017-11-07,3.6858971118927,3.846153974533081,3.6858971118927,3.846153974533081,20686,0,0.0
2017-11-08,4.006410121917725,4.038462162017822,3.846153974533081,3.846153974533081,7082,0,0.0
2017-11-09,3.942307949066162,3.9743590354919434,3.942307949066162,3.942307949066162,5086,0,0.0
2017-11-10,3.7179489135742188,3.7179489135742188,3.7179489135742188,3.7179489135742188,312,0,0.0
2017-11-13,3.6858971118927,3.6858971118927,3.6858971118927,3.6858971118927,1092,0,0.0
2017-11-14,3.4935901165008545,3.4935901165008545,3.4935901165008545,3.4935901165008545,187,0,0.0
2017-11-15,3.5897440910339355,3.5897440910339355,3.557692050933838,3.557692050933838,2558,0,0.0
2017-11-16,3.7820510864257812,3.8782050609588623,3.7820510864257812,3.8782050609588623,125,0,0.0
2017-11-17,4.006410121917725,4.038462162017822,3.8782050609588623,3.9102559089660645,5366,0,0.0
2017-11-20,4.038462162017822,4.198718070983887,4.038462162017822,4.1666669845581055,13042,0,0.0
2017-11-21,4.230769157409668,4.230769157409668,3.9743590354919434,3.9743590354919434,3120,0,0.0
2017-11-22,3.9743590354919434,4.070512771606445,3.9743590354919434,4.070512771606445,1997,0,0.0
2017-11-24,4.070512771606445,4.134614944458008,4.006410121917725,4.006410121917725,1217,0,0.0
2017-11-27,4.038462162017822,4.134614944458008,4.038462162017822,4.134614944458008,3682,0,0.0
2017-11-28,4.1666669845581055,4.230769157409668,4.134614944458008,4.134614944458008,3775,0,0.0
2017-11-29,4.102563858032227,4.102563858032227,3.9743590354919434,4.070512771606445,6864,0,0.0
2017-11-30,4.102563858032227,4.102563858032227,3.9743590354919434,3.9743590354919434,686,0,0.0
2017-12-01,4.070512771606445,4.134614944458008,4.070512771606445,4.102563858032227,1934,0,0.0
2017-12-04,4.070512771606445,4.807692050933838,4.070512771606445,4.5833330154418945,8923,0,0.0
2017-12-05,4.90384578704834,4.90384578704834,4.230769157409668,4.42307710647583,13104,0,0.0
2017-12-06,4.32692289352417,4.743589878082275,4.32692289352417,4.743589878082275,655,0,0.0
2017-12-07,5.128204822540283,5.448718070983887,5.064103126525879,5.384614944458008,6022,0,0.0
2017-12-08,5.448718070983887,5.480769157409668,5.384614944458008,5.480769157409668,7488,0,0.0
2017-12-11,5.608973979949951,5.608973979949951,5.256410121917725,5.320512771606445,16630,0,0.0
2017-12-12,5.128204822540283,5.192307949066162,5.032051086425781,5.09615421295166,10670,0,0.0
2017-12-13,5.0,5.1602559089660645,5.0,5.032051086425781,14446,0,0.0
2017-12-14,5.064103126525879,5.064103126525879,5.064103126525879,5.064103126525879,437,0,0.0
2017-12-15,5.064103126525879,5.352563858032227,5.032051086425781,5.352563858032227,18595,0,0.0
2017-12-18,5.192307949066162,5.865385055541992,5.192307949066162,5.737178802490234,7332,0,0.0
2017-12-19,6.057692050933838,6.121795177459717,6.057692050933838,6.057692050933838,8268,0,0.0
2017-12-20,6.25,6.282051086425781,5.929487228393555,5.929487228393555,4836,0,0.0
2017-12-21,6.025640964508057,6.025640964508057,5.769230842590332,5.769230842590332,4961,0,0.0
2017-12-22,5.57692289352417,5.57692289352417,5.544871807098389,5.57692289352417,1123,0,0.0
2017-12-26,5.480769157409668,6.25,5.480769157409668,5.512821197509766,1810,0,0.0
2017-12-27,6.121795177459717,6.121795177459717,5.897436141967773,5.897436141967773,406,0,0.0
2017-12-28,5.801281929016113,5.929487228393555,5.801281929016113,5.929487228393555,6240,0,0.0
2017-12-29,5.961537837982178,6.057692050933838,5.961537837982178,5.993589878082275,3370,0,0.0
2018-01-02,6.217948913574219,6.25,6.15384578704834,6.15384578704834,3432,0,0.0
2018-01-03,6.378204822540283,6.4102559089660645,6.282051086425781,6.282051086425781,4212,0,0.0
2018-01-04,6.25,6.4102559089660645,6.185896873474121,6.185896873474121,4711,0,0.0
2018-01-05,6.185896873474121,6.314103126525879,6.15384578704834,6.185896873474121,874,0,0.0
2018-01-08,6.185896873474121,6.34615421295166,6.0897440910339355,6.121795177459717,23400,0,0.0
2018-01-09,6.0897440910339355,6.0897440910339355,5.8333330154418945,5.8333330154418945,2184,0,0.0
2018-01-10,5.705128192901611,5.705128192901611,5.352563858032227,5.544871807098389,2028,0,0.0
2018-01-11,5.4166669845581055,5.544871807098389,5.352563858032227,5.448718070983887,4618,0,0.0
2018-01-12,5.705128192901611,5.705128192901611,5.512821197509766,5.512821197509766,1903,0,0.0
2018-01-16,5.8333330154418945,5.8333330154418945,5.641026020050049,5.67307710647583,4087,0,0.0
2018-01-17,5.67307710647583,5.67307710647583,5.4166669845581055,5.4166669845581055,4150,0,0.0
2018-01-18,5.448718070983887,5.641026020050049,5.192307949066162,5.352563858032227,2746,0,0.0
2018-01-19,5.448718070983887,5.480769157409668,5.384614944458008,5.448718070983887,4836,0,0.0
2018-01-22,5.448718070983887,5.448718070983887,5.320512771606445,5.4166669845581055,4118,0,0.0
2018-01-23,5.448718070983887,5.448718070983887,5.192307949066162,5.448718070983887,21060,0,0.0
2018-01-24,5.608973979949951,5.608973979949951,5.224359035491943,5.224359035491943,3526,0,0.0
2018-01-25,5.128204822540283,5.1602559089660645,4.935896873474121,5.1602559089660645,8081,0,0.0
2018-01-26,5.128204822540283,5.192307949066162,5.128204822540283,5.192307949066162,5772,0,0.0
2018-01-29,5.256410121917725,5.352563858032227,5.1602559089660645,5.352563858032227,1030,0,0.0
2018-01-30,5.288462162017822,5.320512771606445,5.192307949066162,5.192307949066162,9828,0,0.0
2018-01-31,5.544871807098389,5.544871807098389,5.4166669845581055,5.4166669845581055,4306,0,0.0
2018-02-01,5.352563858032227,5.352563858032227,5.352563858032227,5.352563858032227,31,0,0.0
2018-02-02,5.288462162017822,5.288462162017822,5.256410121917725,5.256410121917725,468,0,0.0
2018-02-05,5.128204822540283,5.1602559089660645,5.064103126525879,5.09615421295166,7051,0,0.0
2018-02-06,5.032051086425781,5.064103126525879,4.967948913574219,5.064103126525879,19250,0,0.0
2018-02-07,5.064103126525879,5.128204822540283,5.064103126525879,5.128204822540283,1747,0,0.0
2018-02-08,5.192307949066162,5.192307949066162,5.128204822540283,5.128204822540283,2933,0,0.0
2018-02-09,5.128204822540283,5.128204822540283,4.90384578704834,4.90384578704834,2652,0,0.0
2018-02-12,4.967948913574219,4.967948913574219,4.775640964508057,4.775640964508057,12106,0,0.0
2018-02-13,4.935896873474121,4.935896873474121,4.8397440910339355,4.8397440910339355,343,0,0.0
2018-02-14,4.871795177459717,4.967948913574219,4.8397440910339355,4.935896873474121,15319,0,0.0
2018-02-15,4.967948913574219,4.967948913574219,4.967948913574219,4.967948913574219,1466,0,0.0
2018-02-16,5.288462162017822,5.288462162017822,5.288462162017822,5.288462162017822,468,0,0.0
2018-02-20,5.4166669845581055,5.480769157409668,5.352563858032227,5.448718070983887,2246,0,0.0
2018-02-21,5.352563858032227,5.352563858032227,5.0,5.1602559089660645,1435,0,0.0
2018-02-22,5.128204822540283,5.1602559089660645,5.128204822540283,5.1602559089660645,156,0,0.0
2018-02-23,5.032051086425781,5.128204822540283,4.935896873474121,4.935896873474121,406,0,0.0
2018-02-26,4.90384578704834,4.935896873474121,4.90384578704834,4.935896873474121,156,0,0.0
2018-02-27,4.711537837982178,4.871795177459717,4.615385055541992,4.743589878082275,4087,0,0.0
2018-02-28,4.967948913574219,4.967948913574219,4.775640964508057,4.871795177459717,4649,0,0.0
2018-03-01,4.8397440910339355,4.967948913574219,4.8397440910339355,4.967948913574219,3276,0,0.0
2018-03-02,4.935896873474121,4.967948913574219,4.935896873474121,4.967948913574219,3463,0,0.0
2018-03-05,5.192307949066162,5.192307949066162,5.09615421295166,5.09615421295166,1966,0,0.0
2018-03-06,4.935896873474121,4.967948913574219,4.935896873474121,4.967948913574219,187,0,0.0
2018-03-07,4.935896873474121,4.967948913574219,4.935896873474121,4.935896873474121,6084,0,0.0
2018-03-08,4.935896873474121,4.935896873474121,4.935896873474121,4.935896873474121,0,0,0.0
2018-03-09,4.967948913574219,4.967948913574219,4.967948913574219,4.967948913574219,1123,0,0.0
2018-03-12,4.967948913574219,5.0,4.871795177459717,4.871795177459717,4555,0,0.0
2018-03-13,4.871795177459717,4.935896873474121,4.8397440910339355,4.935896873474121,4087,0,0.0
2018-03-14,5.064103126525879,5.064103126525879,4.935896873474121,4.935896873474121,250,0,0.0
2018-03-16,4.807692050933838,4.8397440910339355,4.775640964508057,4.775640964508057,1466,0,0.0
2018-03-19,4.679487228393555,4.775640964508057,4.679487228393555,4.775640964508057,4898,0,0.0
2018-03-20,4.935896873474121,4.935896873474121,4.807692050933838,4.807692050933838,125,0,0.0
2018-03-21,4.871795177459717,4.935896873474121,4.871795177459717,4.90384578704834,3463,0,0.0
2018-03-22,4.90384578704834,4.935896873474121,4.90384578704834,4.935896873474121,2278,0,0.0
2018-03-23,4.90384578704834,5.032051086425781,4.90384578704834,5.0,5429,0,0.0
2018-03-26,5.0,5.0,5.0,5.0,0,0,0.0
2018-03-29,4.807692050933838,4.807692050933838,4.807692050933838,4.807692050933838,842,0,0.0
2018-04-02,4.807692050933838,4.807692050933838,4.807692050933838,4.807692050933838,0,0,0.0
2018-04-03,4.871795177459717,4.871795177459717,4.743589878082275,4.743589878082275,4680,0,0.0
2018-04-04,4.743589878082275,4.775640964508057,4.711537837982178,4.775640964508057,3682,0,0.0
2018-04-05,4.90384578704834,4.90384578704834,4.90384578704834,4.90384578704834,31,0,0.0
2018-04-06,4.807692050933838,4.8397440910339355,4.807692050933838,4.8397440910339355,374,0,0.0
2018-04-09,4.775640964508057,4.775640964508057,4.743589878082275,4.743589878082275,468,0,0.0
2018-04-10,4.8397440910339355,4.8397440910339355,4.8397440910339355,4.8397440910339355,10920,0,0.0
2018-04-11,4.647436141967773,4.679487228393555,4.42307710647583,4.42307710647583,1435,0,0.0
2018-04-12,4.519230842590332,4.519230842590332,4.487178802490234,4.487178802490234,343,0,0.0
2018-04-13,4.679487228393555,4.679487228393555,4.679487228393555,4.679487228393555,1217,0,0.0
2018-04-16,4.42307710647583,4.42307710647583,4.42307710647583,4.42307710647583,187,0,0.0
2018-04-17,4.5833330154418945,4.5833330154418945,4.487178802490234,4.551281929016113,3526,0,0.0
2018-04-18,4.551281929016113,4.647436141967773,4.519230842590332,4.519230842590332,1092,0,0.0
2018-04-19,4.615385055541992,4.615385055541992,4.615385055541992,4.615385055541992,156,0,0.0
2018-04-20,4.5833330154418945,4.5833330154418945,4.551281929016113,4.551281929016113,2028,0,0.0
2018-04-23,4.551281929016113,4.647436141967773,4.455128192901611,4.487178802490234,14414,0,0.0
2018-04-24,4.551281929016113,4.551281929016113,4.519230842590332,4.519230842590332,1560,0,0.0
2018-04-25,4.455128192901611,4.487178802490234,4.42307710647583,4.42307710647583,1404,0,0.0
2018-04-26,4.551281929016113,4.5833330154418945,4.391026020050049,4.5833330154418945,8237,0,0.0
2018-04-27,4.90384578704834,5.320512771606445,4.90384578704834,5.128204822540283,6614,0,0.0
2018-04-30,5.288462162017822,5.288462162017822,5.192307949066162,5.192307949066162,1373,0,0.0
2018-05-01,5.09615421295166,5.09615421295166,4.935896873474121,4.967948913574219,6427,0,0.0
2018-05-02,4.935896873474121,4.967948913574219,4.935896873474121,4.967948913574219,624,0,0.0
2018-05-03,4.967948913574219,5.128204822540283,4.967948913574219,5.064103126525879,6802,0,0.0
2018-05-04,5.192307949066162,5.608973979949951,5.192307949066162,5.57692289352417,5086,0,0.0
2018-05-07,5.57692289352417,5.608973979949951,5.4166669845581055,5.480769157409668,5148,0,0.0
2018-05-08,5.57692289352417,5.57692289352417,5.09615421295166,5.128204822540283,5273,0,0.0
2018-05-09,5.128204822540283,5.352563858032227,5.064103126525879,5.352563858032227,1498,0,0.0
2018-05-10,5.409999847412109,5.409999847412109,5.400000095367432,5.400000095367432,800,0,0.312
2018-05-11,5.489999771118164,5.829999923706055,5.480000019073486,5.829999923706055,4800,0,0.0
2018-05-14,5.989999771118164,6.559999942779541,5.989999771118164,6.559999942779541,9800,0,0.0
2018-05-15,6.809999942779541,6.809999942779541,6.070000171661377,6.110000133514404,24900,0,0.0
2018-05-16,6.130000114440918,6.300000190734863,6.130000114440918,6.269999980926514,7600,0,0.0
2018-05-17,6.25,6.340000152587891,6.25,6.340000152587891,300,0,0.0
2018-05-18,6.599999904632568,6.809999942779541,6.599999904632568,6.730000019073486,8500,0,0.0
2018-05-21,6.760000228881836,7.119999885559082,6.760000228881836,7.119999885559082,8900,0,0.0
2018-05-22,6.929999828338623,7.159999847412109,6.920000076293945,7.110000133514404,31600,0,0.0
2018-05-23,7.039999961853027,7.150000095367432,6.71999979019165,6.829999923706055,22200,0,0.0
2018-05-24,6.730000019073486,6.800000190734863,6.480000019073486,6.610000133514404,3500,0,0.0
2018-05-25,6.559999942779541,6.559999942779541,6.320000171661377,6.550000190734863,9500,0,0.0
2018-05-29,6.170000076293945,6.179999828338623,6.170000076293945,6.179999828338623,400,0,0.0
2018-05-30,6.159999847412109,6.28000020980835,6.079999923706055,6.28000020980835,5400,0,0.0
2018-05-31,6.829999923706055,7.130000114440918,6.690000057220459,7.130000114440918,12500,0,0.0
2018-06-01,7.210000038146973,7.210000038146973,6.75,6.880000114440918,3700,0,0.0
2018-06-04,7.190000057220459,7.190000057220459,6.300000190734863,6.340000152587891,26800,0,0.0
2018-06-05,6.400000095367432,6.5,6.010000228881836,6.199999809265137,14200,0,0.0
2018-06-06,6.210000038146973,6.360000133514404,6.139999866485596,6.190000057220459,23900,0,0.0
2018-06-07,6.099999904632568,6.179999828338623,6.0,6.070000171661377,16700,0,0.0
2018-06-08,6.159999847412109,6.159999847412109,6.050000190734863,6.050000190734863,3100,0,0.0
2018-06-11,6.159999847412109,6.159999847412109,6.0,6.0,7900,0,0.0
2018-06-12,5.920000076293945,6.150000095367432,5.920000076293945,5.980000019073486,9100,0,0.0
2018-06-13,5.980000019073486,5.980000019073486,5.519999980926514,5.880000114440918,13200,0,0.0
2018-06-14,5.699999809265137,5.800000190734863,5.329999923706055,5.5,14300,0,0.0
2018-06-15,5.449999809265137,5.690000057220459,5.349999904632568,5.349999904632568,28400,0,0.0
2018-06-18,5.349999904632568,5.429999828338623,5.349999904632568,5.349999904632568,7000,0,0.0
2018-06-19,5.199999809265137,5.289999961853027,5.110000133514404,5.269999980926514,11800,0,0.0
2018-06-20,5.150000095367432,5.300000190734863,4.809999942779541,4.809999942779541,11800,0,0.0
2018-06-21,4.800000190734863,4.929999828338623,4.800000190734863,4.809999942779541,34700,0,0.0
2018-06-22,4.800000190734863,5.21999979019165,4.800000190734863,4.980000019073486,7100,0,0.0
2018-06-25,4.980000019073486,5.099999904632568,4.880000114440918,5.0,8000,0,0.0
2018-06-27,5.03000020980835,5.079999923706055,4.909999847412109,5.019999980926514,6400,0,0.0
2018-06-28,5.230000019073486,5.230000019073486,5.059999942779541,5.059999942779541,400,0,0.0
2018-06-29,5.070000171661377,5.079999923706055,5.0,5.079999923706055,10400,0,0.0
2018-07-02,5.0,5.0,5.0,5.0,1200,0,0.0
2018-07-03,5.0,5.010000228881836,4.949999809265137,5.0,4500,0,0.0
2018-07-05,5.130000114440918,5.150000095367432,5.079999923706055,5.150000095367432,6100,0,0.0
2018-07-06,5.0,5.0,5.0,5.0,500,0,0.0
2018-07-09,5.0,5.090000152587891,4.849999904632568,5.050000190734863,15500,0,0.0
2018-07-10,4.869999885559082,5.0,4.869999885559082,4.920000076293945,5100,0,0.0
2018-07-11,4.869999885559082,4.920000076293945,4.800000190734863,4.800000190734863,4300,0,0.0
2018-07-12,4.869999885559082,4.900000095367432,4.710000038146973,4.809999942779541,11200,0,0.0
2018-07-13,4.849999904632568,4.849999904632568,4.78000020980835,4.78000020980835,700,0,0.0
2018-07-16,4.619999885559082,4.650000095367432,4.550000190734863,4.650000095367432,3600,0,0.0
2018-07-17,4.5,4.699999809265137,4.5,4.699999809265137,6400,0,0.0
2018-07-18,4.590000152587891,4.670000076293945,4.590000152587891,4.670000076293945,2000,0,0.0
2018-07-19,4.75,4.849999904632568,4.670000076293945,4.800000190734863,4700,0,0.0
2018-07-20,4.78000020980835,4.800000190734863,4.75,4.800000190734863,4700,0,0.0
2018-07-23,4.800000190734863,4.800000190734863,4.800000190734863,4.800000190734863,0,0,0.0
2018-07-24,4.809999942779541,4.829999923706055,4.800000190734863,4.820000171661377,3000,0,0.0
2018-07-25,5.0,5.090000152587891,4.989999771118164,5.019999980926514,7000,0,0.0
2018-07-26,5.090000152587891,5.099999904632568,5.090000152587891,5.099999904632568,18700,0,0.0
2018-07-27,5.099999904632568,5.099999904632568,4.949999809265137,5.099999904632568,9500,0,0.0
2018-07-30,5.0,5.099999904632568,5.0,5.0,10500,0,0.0
2018-07-31,4.900000095367432,5.0,4.900000095367432,5.0,8700,0,0.0
2018-08-01,4.710000038146973,4.900000095367432,4.710000038146973,4.900000095367432,2900,0,0.0
2018-08-02,4.900000095367432,4.900000095367432,4.900000095367432,4.900000095367432,0,0,0.0
2018-08-03,4.940000057220459,4.980000019073486,4.940000057220459,4.980000019073486,500,0,0.0
2018-08-06,5.099999904632568,5.099999904632568,4.989999771118164,5.059999942779541,3600,0,0.0
2018-08-07,4.900000095367432,5.0,4.900000095367432,5.0,5400,0,0.0
2018-08-08,4.75,4.75,4.75,4.75,500,0,0.0
2018-08-09,4.800000190734863,5.050000190734863,4.800000190734863,5.03000020980835,6100,0,0.0
2018-08-10,5.050000190734863,5.099999904632568,5.039999961853027,5.090000152587891,8700,0,0.0
2018-08-13,5.03000020980835,5.099999904632568,4.980000019073486,4.980000019073486,4500,0,0.0
2018-08-14,5.099999904632568,5.099999904632568,5.03000020980835,5.03000020980835,5600,0,0.0
2018-08-15,5.099999904632568,5.099999904632568,5.039999961853027,5.039999961853027,3600,0,0.0
2018-08-16,5.0,5.099999904632568,5.0,5.099999904632568,5000,0,0.0
2018-08-17,5.099999904632568,5.099999904632568,5.099999904632568,5.099999904632568,0,0,0.0
2018-08-20,4.980000019073486,5.0,4.980000019073486,5.0,1700,0,0.0
2018-08-24,5.070000171661377,5.070000171661377,5.0,5.0,2500,0,0.0
2018-08-27,5.050000190734863,5.099999904632568,5.050000190734863,5.099999904632568,6000,0,0.0
2018-08-28,5.53000020980835,5.849999904632568,5.53000020980835,5.590000152587891,9400,0,0.0
2018-08-29,5.699999809265137,5.699999809265137,5.53000020980835,5.570000171661377,2300,0,0.0
2018-08-30,5.590000152587891,5.75,5.559999942779541,5.75,3900,0,0.0
2018-08-31,5.650000095367432,5.650000095367432,5.429999828338623,5.619999885559082,5600,0,0.0
2018-09-04,5.639999866485596,5.699999809265137,5.619999885559082,5.619999885559082,900,0,0.0
2018-09-05,5.599999904632568,5.630000114440918,5.46999979019165,5.46999979019165,12600,0,0.0
2018-09-06,5.46999979019165,5.46999979019165,5.46999979019165,5.46999979019165,0,0,0.0
2018-09-07,5.449999809265137,5.449999809265137,5.440000057220459,5.440000057220459,1200,0,0.0
2018-09-10,5.449999809265137,5.449999809265137,5.449999809265137,5.449999809265137,200,0,0.0
2018-09-11,5.480000019073486,5.599999904632568,5.349999904632568,5.420000076293945,5700,0,0.0
2018-09-12,5.449999809265137,5.449999809265137,5.449999809265137,5.449999809265137,2900,0,0.0
2018-09-13,5.349999904632568,5.429999828338623,5.349999904632568,5.400000095367432,2400,0,0.0
2018-09-14,5.400000095367432,5.599999904632568,5.400000095367432,5.599999904632568,10000,0,0.0
2018-09-17,5.590000152587891,5.590000152587891,5.590000152587891,5.590000152587891,400,0,0.0
2018-09-18,5.699999809265137,5.699999809265137,5.599999904632568,5.599999904632568,2300,0,0.0
2018-09-19,5.429999828338623,5.429999828338623,5.199999809265137,5.309999942779541,4500,0,0.0
2018-09-20,5.230000019073486,5.320000171661377,5.199999809265137,5.289999961853027,5900,0,0.0
2018-09-21,5.289999961853027,5.369999885559082,5.159999847412109,5.159999847412109,4500,0,0.0
2018-09-24,5.5,5.5,5.429999828338623,5.449999809265137,800,0,0.0
2018-09-25,5.550000190734863,5.550000190734863,5.550000190734863,5.550000190734863,200,0,0.0
2018-09-26,5.789999961853027,5.789999961853027,5.789999961853027,5.789999961853027,1300,0,0.0
2018-09-27,5.550000190734863,5.550000190734863,5.489999771118164,5.489999771118164,1600,0,0.0
2018-09-28,5.75,5.940000057220459,5.75,5.940000057220459,4100,0,0.0
2018-10-01,6.0,6.0,5.860000133514404,5.900000095367432,4000,0,0.0
2018-10-02,6.0,6.0,5.75,5.75,2600,0,0.0
2018-10-03,5.78000020980835,5.78000020980835,5.670000076293945,5.670000076293945,300,0,0.0
2018-10-04,5.650000095367432,5.670000076293945,5.46999979019165,5.480000019073486,4900,0,0.0
2018-10-05,5.480000019073486,5.480000019073486,5.480000019073486,5.480000019073486,1100,0,0.0
2018-10-08,5.5,5.550000190734863,5.5,5.5,3200,0,0.0
2018-10-09,5.5,5.579999923706055,5.5,5.579999923706055,6800,0,0.0
2018-10-10,5.5,5.5,5.46999979019165,5.46999979019165,6800,0,0.0
2018-10-11,5.159999847412109,5.170000076293945,5.059999942779541,5.059999942779541,1600,0,0.0
2018-10-12,5.699999809265137,5.710000038146973,5.420000076293945,5.420000076293945,1600,0,0.0
2018-10-15,5.440000057220459,5.460000038146973,5.349999904632568,5.349999904632568,3900,0,0.0
2018-10-16,5.349999904632568,5.349999904632568,5.349999904632568,5.349999904632568,0,0,0.0
2018-10-17,5.570000171661377,5.570000171661377,5.349999904632568,5.409999847412109,5100,0,0.0
2018-10-18,5.349999904632568,5.440000057220459,5.349999904632568,5.349999904632568,11400,0,0.0
2018-10-19,5.349999904632568,5.849999904632568,5.349999904632568,5.599999904632568,8400,0,0.0
2018-10-22,5.670000076293945,5.869999885559082,5.539999961853027,5.869999885559082,3100,0,0.0
2018-10-23,5.75,5.75,5.550000190734863,5.699999809265137,6500,0,0.0
2018-10-24,5.650000095367432,5.739999771118164,5.650000095367432,5.650000095367432,13400,0,0.0
2018-10-25,5.539999961853027,5.550000190734863,5.449999809265137,5.489999771118164,2400,0,0.0
2018-10-26,5.550000190734863,5.550000190734863,5.550000190734863,5.550000190734863,300,0,0.0
2018-10-29,5.75,5.75,5.510000228881836,5.510000228881836,1100,0,0.0
2018-10-30,5.489999771118164,5.519999980926514,5.489999771118164,5.510000228881836,1900,0,0.0
2018-10-31,5.599999904632568,5.630000114440918,5.340000152587891,5.519999980926514,12000,0,0.0
2018-11-01,5.820000171661377,5.820000171661377,5.53000020980835,5.599999904632568,13400,0,0.0
2018-11-02,5.789999961853027,5.789999961853027,5.769999980926514,5.769999980926514,600,0,0.0
2018-11-05,5.809999942779541,5.829999923706055,5.599999904632568,5.769999980926514,12000,0,0.0
2018-11-06,5.800000190734863,5.800000190734863,5.590000152587891,5.590000152587891,15500,0,0.0
2018-11-07,5.53000020980835,5.659999847412109,5.53000020980835,5.659999847412109,2000,0,0.0
2018-11-08,5.800000190734863,5.829999923706055,5.800000190734863,5.829999923706055,300,0,0.0
2018-11-09,5.690000057220459,5.690000057220459,5.679999828338623,5.679999828338623,500,0,0.0
2018-11-12,5.690000057220459,5.690000057220459,5.349999904632568,5.400000095367432,8300,0,0.0
2018-11-13,5.349999904632568,5.46999979019165,5.349999904632568,5.449999809265137,5500,0,0.0
2018-11-14,5.400000095367432,5.519999980926514,5.159999847412109,5.340000152587891,7000,0,0.0
2018-11-15,5.300000190734863,5.510000228881836,5.300000190734863,5.5,11400,0,0.0
2018-11-16,6.03000020980835,6.03000020980835,5.539999961853027,5.650000095367432,10600,0,0.0
2018-11-19,5.519999980926514,5.599999904632568,5.519999980926514,5.519999980926514,600,0,0.0
2018-11-20,5.550000190734863,5.579999923706055,5.309999942779541,5.519999980926514,4000,0,0.0
2018-11-21,5.510000228881836,5.510000228881836,5.46999979019165,5.5,2700,0,0.0
2018-11-23,5.880000114440918,5.880000114440918,5.75,5.860000133514404,7600,0,0.0
2018-11-26,5.800000190734863,5.800000190734863,5.619999885559082,5.75,10800,0,0.0
2018-11-27,5.800000190734863,5.800000190734863,5.630000114440918,5.630000114440918,17200,0,0.0
2018-11-28,5.599999904632568,6.150000095367432,5.599999904632568,6.050000190734863,32500,0,0.0
2018-11-29,6.21999979019165,6.25,6.039999961853027,6.039999961853027,14900,0,0.0
2018-11-30,6.090000152587891,6.309999942779541,6.090000152587891,6.28000020980835,10400,0,0.0
2018-12-03,6.349999904632568,7.070000171661377,6.28000020980835,6.340000152587891,19000,0,0.0
2018-12-04,6.329999923706055,6.329999923706055,5.920000076293945,5.920000076293945,14300,0,0.0
2018-12-06,5.960000038146973,6.019999980926514,5.75,5.75,49900,0,0.0
2018-12-07,6.0,6.0,5.900000095367432,5.900000095367432,9200,0,0.0
2018-12-10,5.920000076293945,6.019999980926514,5.75,5.880000114440918,35100,0,0.0
2018-12-11,5.820000171661377,5.949999809265137,5.409999847412109,5.559999942779541,13900,0,0.0
2018-12-12,5.449999809265137,5.650000095367432,5.300000190734863,5.320000171661377,16100,0,0.0
2018-12-13,5.320000171661377,5.789999961853027,5.320000171661377,5.650000095367432,12300,0,0.0
2018-12-14,5.650000095367432,5.650000095367432,5.429999828338623,5.449999809265137,5100,0,0.0
2018-12-17,5.449999809265137,5.599999904632568,5.320000171661377,5.360000133514404,4200,0,0.0
2018-12-18,5.340000152587891,5.550000190734863,5.320000171661377,5.320000171661377,4700,0,0.0
2018-12-19,5.25,5.489999771118164,5.25,5.340000152587891,6700,0,0.0
2018-12-20,5.25,5.340000152587891,4.829999923706055,5.300000190734863,44400,0,0.0
2018-12-21,5.309999942779541,5.380000114440918,5.260000228881836,5.260000228881836,3600,0,0.0
2018-12-24,5.159999847412109,5.179999828338623,4.900000095367432,4.929999828338623,6600,0,0.0
2018-12-26,4.940000057220459,5.170000076293945,4.710000038146973,5.170000076293945,8500,0,0.0
2018-12-27,5.110000133514404,5.210000038146973,5.0,5.0,18500,0,0.0
2018-12-28,4.96999979019165,5.010000228881836,4.96999979019165,5.010000228881836,1000,0,0.0
2018-12-31,5.099999904632568,5.170000076293945,5.099999904632568,5.170000076293945,1400,0,0.0
2019-01-02,5.119999885559082,5.119999885559082,5.119999885559082,5.119999885559082,400,0,0.0
2019-01-03,5.050000190734863,5.050000190734863,5.050000190734863,5.050000190734863,200,0,0.0
2019-01-04,5.0,5.289999961853027,5.0,5.289999961853027,4100,0,0.0
2019-01-07,5.440000057220459,5.53000020980835,5.440000057220459,5.460000038146973,300,0,0.0
2019-01-08,5.380000114440918,5.380000114440918,5.380000114440918,5.380000114440918,100,0,0.0
2019-01-09,5.480000019073486,5.489999771118164,5.449999809265137,5.449999809265137,2200,0,0.0
2019-01-10,5.559999942779541,5.559999942779541,5.519999980926514,5.519999980926514,600,0,0.0
2019-01-11,5.420000076293945,5.420000076293945,5.420000076293945,5.420000076293945,2000,0,0.0
2019-01-14,5.559999942779541,5.650000095367432,5.559999942779541,5.630000114440918,700,0,0.0
2019-01-15,5.699999809265137,5.840000152587891,5.619999885559082,5.840000152587891,5100,0,0.0
2019-01-16,5.800000190734863,5.800000190734863,5.730000019073486,5.739999771118164,1700,0,0.0
2019-01-17,5.659999847412109,5.659999847412109,5.599999904632568,5.599999904632568,400,0,0.0
2019-01-18,5.650000095367432,5.840000152587891,5.650000095367432,5.840000152587891,1100,0,0.0
2019-01-22,5.849999904632568,5.849999904632568,5.630000114440918,5.630000114440918,8700,0,0.0
2019-01-23,5.599999904632568,5.599999904632568,5.510000228881836,5.510000228881836,200,0,0.0
2019-01-24,5.510000228881836,5.510000228881836,5.510000228881836,5.510000228881836,0,0,0.0
2019-01-25,5.639999866485596,5.670000076293945,5.639999866485596,5.670000076293945,1300,0,0.0
2019-01-28,5.619999885559082,5.619999885559082,5.619999885559082,5.619999885559082,400,0,0.0
2019-01-29,5.730000019073486,5.739999771118164,5.599999904632568,5.599999904632568,500,0,0.0
2019-01-30,5.599999904632568,5.599999904632568,5.599999904632568,5.599999904632568,100,0,0.0
2019-01-31,5.650000095367432,5.650000095367432,5.400000095367432,5.440000057220459,2000,0,0.0
2019-02-01,5.5,5.579999923706055,5.5,5.579999923706055,9100,0,0.0
2019-02-04,5.5,5.550000190734863,5.5,5.5,10000,0,0.0
2019-02-05,5.360000133514404,5.360000133514404,5.25,5.25,3900,0,0.0
2019-02-06,5.199999809265137,5.210000038146973,5.150000095367432,5.199999809265137,4300,0,0.0
2019-02-07,5.150000095367432,5.190000057220459,5.010000228881836,5.139999866485596,11100,0,0.0
2019-02-08,5.139999866485596,5.340000152587891,5.039999961853027,5.059999942779541,24400,0,0.0
2019-02-11,5.050000190734863,5.059999942779541,5.0,5.0,1200,0,0.0
2019-02-12,5.070000171661377,5.349999904632568,5.0,5.090000152587891,4000,0,0.0
2019-02-13,5.179999828338623,5.179999828338623,5.0,5.0,6100,0,0.0
2019-02-14,5.03000020980835,5.079999923706055,4.980000019073486,4.980000019073486,11400,0,0.0
2019-02-15,5.019999980926514,5.03000020980835,4.980000019073486,4.980000019073486,6000,0,0.0
2019-02-19,4.989999771118164,4.989999771118164,4.869999885559082,4.869999885559082,3100,0,0.0
2019-02-20,4.909999847412109,4.909999847412109,4.800000190734863,4.800000190734863,3700,0,0.0
2019-02-21,4.840000152587891,5.050000190734863,4.829999923706055,5.050000190734863,5300,0,0.0
2019-02-22,5.199999809265137,5.420000076293945,5.099999904632568,5.25,17500,0,0.0
2019-02-25,5.349999904632568,5.650000095367432,5.349999904632568,5.480000019073486,11200,0,0.0
2019-02-26,5.670000076293945,5.670000076293945,5.380000114440918,5.519999980926514,11400,0,0.0
2019-02-27,5.099999904632568,5.130000114440918,4.800000190734863,4.800000190734863,13500,0,0.0
2019-02-28,4.820000171661377,5.130000114440918,4.820000171661377,5.130000114440918,18100,0,0.0
2019-03-01,4.139999866485596,4.369999885559082,4.03000020980835,4.119999885559082,937100,0,0.0
2019-03-04,4.190000057220459,4.300000190734863,4.050000190734863,4.050000190734863,70200,0,0.0
2019-03-05,4.159999847412109,4.21999979019165,4.099999904632568,4.130000114440918,22300,0,0.0
2019-03-06,4.199999809265137,4.260000228881836,4.119999885559082,4.190000057220459,27400,0,0.0
2019-03-07,4.190000057220459,4.190000057220459,4.050000190734863,4.090000152587891,9700,0,0.0
2019-03-08,4.119999885559082,4.119999885559082,4.0,4.050000190734863,7900,0,0.0
2019-03-11,4.099999904632568,4.260000228881836,4.059999942779541,4.059999942779541,77100,0,0.0
2019-03-12,4.199999809265137,4.28000020980835,4.099999904632568,4.119999885559082,43300,0,0.0
2019-03-13,4.300000190734863,4.300000190734863,4.119999885559082,4.139999866485596,13200,0,0.0
2019-03-14,4.210000038146973,4.210000038146973,4.079999923706055,4.079999923706055,23600,0,0.0
2019-03-15,4.150000095367432,4.150000095367432,4.0,4.050000190734863,2400,0,0.0
2019-03-18,4.0,4.159999847412109,4.0,4.110000133514404,12800,0,0.0
2019-03-19,4.110000133514404,4.349999904632568,4.03000020980835,4.03000020980835,15600,0,0.0
2019-03-20,4.03000020980835,4.119999885559082,4.0,4.050000190734863,7100,0,0.0
2019-03-21,4.050000190734863,4.059999942779541,3.9600000381469727,3.9800000190734863,21900,0,0.0
2019-03-22,3.9200000762939453,3.9200000762939453,3.5999999046325684,3.5999999046325684,40800,0,0.0
2019-03-25,3.799999952316284,3.9100000858306885,3.6500000953674316,3.7100000381469727,14400,0,0.0
2019-03-26,3.9600000381469727,4.03000020980835,3.859999895095825,3.890000104904175,35100,0,0.0
2019-03-27,3.9700000286102295,3.990000009536743,3.819999933242798,3.859999895095825,13400,0,0.0
2019-03-28,3.890000104904175,4.0,3.819999933242798,3.940000057220459,38600,0,0.0
2019-03-29,4.110000133514404,4.110000133514404,3.9700000286102295,4.010000228881836,48800,0,0.0
2019-04-01,4.039999961853027,4.059999942779541,3.950000047683716,3.990000009536743,30400,0,0.0
2019-04-02,4.0,4.039999961853027,3.859999895095825,3.9000000953674316,9800,0,0.0
2019-04-03,3.9000000953674316,3.9000000953674316,3.75,3.869999885559082,20400,0,0.0
2019-04-04,3.8399999141693115,3.9600000381469727,3.799999952316284,3.799999952316284,12400,0,0.0
2019-04-05,3.9000000953674316,3.9000000953674316,3.7200000286102295,3.740000009536743,8400,0,0.0
2019-04-08,3.9200000762939453,4.03000020980835,3.7100000381469727,3.7100000381469727,22300,0,0.0
2019-04-09,3.809999942779541,3.8499999046325684,3.7799999713897705,3.8499999046325684,3900,0,0.0
2019-04-10,3.75,3.8399999141693115,3.75,3.75,5100,0,0.0
2019-04-11,3.75,3.799999952316284,3.630000114440918,3.630000114440918,58200,0,0.0
2019-04-12,3.7100000381469727,3.7100000381469727,3.440000057220459,3.5,10000,0,0.0
2019-04-15,3.5,3.5199999809265137,2.9000000953674316,3.2100000381469727,59900,0,0.0
2019-04-16,3.4000000953674316,3.740000009536743,3.2200000286102295,3.740000009536743,41800,0,0.0
2019-04-17,3.3299999237060547,3.559999942779541,3.3299999237060547,3.559999942779541,10000,0,0.0
2019-04-18,3.5799999237060547,3.5999999046325684,3.359999895095825,3.359999895095825,14100,0,0.0
2019-04-22,3.4100000858306885,3.609999895095825,3.4100000858306885,3.450000047683716,14100,0,0.0
2019-04-23,3.450000047683716,3.4700000286102295,3.259999990463257,3.259999990463257,11700,0,0.0
2019-04-24,3.2300000190734863,3.2799999713897705,3.130000114440918,3.180000066757202,35400,0,0.0
2019-04-25,3.259999990463257,3.259999990463257,2.940000057220459,2.950000047683716,20500,0,0.0
2019-04-26,3.0,3.509999990463257,3.0,3.359999895095825,44600,0,0.0
2019-04-29,3.359999895095825,3.680000066757202,3.259999990463257,3.6500000953674316,27600,0,0.0
2019-04-30,3.690000057220459,3.7300000190734863,3.609999895095825,3.640000104904175,20000,0,0.0
2019-05-01,3.7300000190734863,3.75,3.700000047683716,3.7200000286102295,14200,0,0.0
2019-05-02,3.559999942779541,3.7899999618530273,3.559999942779541,3.700000047683716,18100,0,0.0
2019-05-03,3.630000114440918,4.5,3.630000114440918,4.400000095367432,93300,0,0.0
2019-05-06,4.570000171661377,4.570000171661377,4.329999923706055,4.5,48400,0,0.0
2019-05-07,4.360000133514404,4.5,4.340000152587891,4.5,29600,0,0.0
2019-05-08,4.289999961853027,4.539999961853027,4.289999961853027,4.400000095367432,9800,0,0.0
2019-05-09,4.360000133514404,4.360000133514404,4.21999979019165,4.269999980926514,7600,0,0.0
2019-05-10,4.139999866485596,4.139999866485596,3.9600000381469727,4.0,63200,0,0.0
2019-05-13,4.190000057220459,4.190000057220459,3.7899999618530273,3.8499999046325684,21400,0,0.0
2019-05-14,3.940000057220459,3.9600000381469727,3.8499999046325684,3.9600000381469727,4200,0,0.0
2019-05-15,4.019999980926514,4.21999979019165,3.9600000381469727,4.090000152587891,32000,0,0.0
2019-05-16,4.139999866485596,4.139999866485596,3.8399999141693115,4.0,15400,0,0.0
2019-05-17,3.9100000858306885,3.9100000858306885,3.7699999809265137,3.7699999809265137,19700,0,0.0
2019-05-20,3.809999942779541,4.139999866485596,3.809999942779541,3.9000000953674316,4000,0,0.0
2019-05-21,3.8399999141693115,3.930000066757202,3.799999952316284,3.9000000953674316,10200,0,0.0
2019-05-22,3.9000000953674316,4.099999904632568,3.9000000953674316,3.940000057220459,5900,0,0.0
2019-05-23,4.0,4.03000020980835,3.9100000858306885,3.990000009536743,7100,0,0.0
2019-05-24,4.03000020980835,4.039999961853027,3.9100000858306885,3.990000009536743,5500,0,0.0
2019-05-28,3.950000047683716,4.190000057220459,3.950000047683716,4.03000020980835,23800,0,0.0
2019-05-29,4.5,4.5,3.7300000190734863,4.300000190734863,38700,0,0.0
2019-05-30,4.260000228881836,4.550000190734863,4.070000171661377,4.199999809265137,93400,0,0.0
2019-05-31,4.199999809265137,4.480000019073486,3.990000009536743,4.329999923706055,104300,0,0.0
2019-06-03,4.5,4.5,3.7300000190734863,3.7300000190734863,58300,0,0.0
2019-06-04,3.7300000190734863,3.9000000953674316,3.509999990463257,3.869999885559082,86800,0,0.0
2019-06-05,3.890000104904175,3.930000066757202,3.509999990463257,3.5799999237060547,40100,0,0.0
2019-06-06,3.549999952316284,3.759999990463257,3.369999885559082,3.740000009536743,21400,0,0.0
2019-06-07,3.8299999237060547,3.859999895095825,3.690000057220459,3.819999933242798,13700,0,0.0
2019-06-10,3.8399999141693115,4.269999980926514,3.8399999141693115,4.269999980926514,62400,0,0.0
2019-06-11,4.269999980926514,4.269999980926514,4.0,4.0,68300,0,0.0
2019-06-12,4.090000152587891,4.239999771118164,3.740000009536743,3.9200000762939453,89200,0,0.0
2019-06-13,4.0,4.0,3.549999952316284,3.559999942779541,40800,0,0.0
2019-06-14,3.5299999713897705,3.690000057220459,3.4100000858306885,3.690000057220459,15500,0,0.0
2019-06-17,3.700000047683716,3.75,3.5199999809265137,3.5799999237060547,11300,0,0.0
2019-06-18,3.6600000858306885,3.6600000858306885,3.359999895095825,3.380000114440918,20900,0,0.0
2019-06-19,3.3499999046325684,3.3499999046325684,3.0999999046325684,3.109999895095825,21900,0,0.0
2019-06-20,3.130000114440918,3.190000057220459,3.0999999046325684,3.0999999046325684,18000,0,0.0
2019-06-21,3.0999999046325684,3.4000000953674316,3.009999990463257,3.130000114440918,40400,0,0.0
2019-06-24,3.0899999141693115,3.109999895095825,2.690000057220459,2.930000066757202,35000,0,0.0
2019-06-25,3.119999885559082,3.119999885559082,2.75,2.75,18300,0,0.0
2019-06-26,2.75,3.049999952316284,2.7300000190734863,2.890000104904175,22700,0,0.0
2019-06-27,2.9800000190734863,3.0,2.890000104904175,3.0,4500,0,0.0
2019-06-28,2.9200000762939453,3.0999999046325684,2.869999885559082,2.9200000762939453,14200,0,0.0
2019-07-01,3.0199999809265137,3.140000104904175,2.9100000858306885,3.0299999713897705,3100,0,0.0
2019-07-02,3.109999895095825,3.109999895095825,2.7899999618530273,2.9700000286102295,13000,0,0.0
2019-07-03,2.9800000190734863,3.0,2.940000057220459,2.9600000381469727,7000,0,0.0
2019-07-05,3.059999942779541,3.059999942779541,3.059999942779541,3.059999942779541,200,0,0.0
2019-07-08,3.009999990463257,3.009999990463257,2.7799999713897705,2.7799999713897705,19000,0,0.0
2019-07-09,2.799999952316284,2.8499999046325684,2.7799999713897705,2.819999933242798,9200,0,0.0
2019-07-10,2.819999933242798,2.950000047683716,2.819999933242798,2.930000066757202,14200,0,0.0
2019-07-11,2.9700000286102295,3.1700000762939453,2.9200000762939453,3.0999999046325684,18100,0,0.0
2019-07-12,3.2300000190734863,3.819999933242798,3.1600000858306885,3.819999933242798,32700,0,0.0
2019-07-15,3.7899999618530273,3.7899999618530273,3.359999895095825,3.359999895095825,21000,0,0.0
2019-07-16,3.4000000953674316,3.4000000953674316,3.2100000381469727,3.2799999713897705,4900,0,0.0
2019-07-17,3.309999942779541,3.309999942779541,3.1500000953674316,3.190000057220459,6500,0,0.0
2019-07-18,3.2100000381469727,3.2100000381469727,3.0899999141693115,3.109999895095825,7800,0,0.0
2019-07-19,3.1500000953674316,3.240000009536743,2.930000066757202,3.0,18800,0,0.0
2019-07-22,3.0,3.049999952316284,2.9100000858306885,2.9100000858306885,14100,0,0.0
2019-07-23,2.9600000381469727,3.140000104904175,2.819999933242798,3.140000104904175,8200,0,0.0
2019-07-24,3.0899999141693115,3.0899999141693115,2.7200000286102295,2.7699999809265137,34400,0,0.0
2019-07-25,2.8299999237060547,3.5,2.7899999618530273,3.5,17700,0,0.0
2019-07-26,3.380000114440918,3.380000114440918,2.809999942779541,2.819999933242798,15900,0,0.0
2019-07-29,2.880000114440918,2.9600000381469727,2.8399999141693115,2.8499999046325684,14600,0,0.0
2019-07-30,2.8299999237060547,2.8499999046325684,2.799999952316284,2.8299999237060547,18300,0,0.0
2019-07-31,2.880000114440918,2.880000114440918,2.7300000190734863,2.7799999713897705,7100,0,0.0
2019-08-01,2.680000066757202,2.7799999713897705,2.680000066757202,2.7699999809265137,1700,0,0.0
2019-08-02,2.690000057220459,2.7300000190734863,2.680000066757202,2.7300000190734863,19100,0,0.0
2019-08-05,2.7300000190734863,2.7300000190734863,2.5199999809265137,2.7300000190734863,5000,0,0.0
2019-08-06,2.5999999046325684,2.640000104904175,2.4000000953674316,2.440000057220459,8100,0,0.0
2019-08-07,2.4600000381469727,2.4600000381469727,2.25,2.25,5700,0,0.0
2019-08-08,2.3299999237060547,2.5999999046325684,2.3299999237060547,2.5999999046325684,13800,0,0.0
2019-08-09,2.25,2.549999952316284,2.25,2.4000000953674316,16800,0,0.0
2019-08-12,2.4700000286102295,2.5,2.4700000286102295,2.5,1400,0,0.0
2019-08-13,2.5999999046325684,2.700000047683716,2.569999933242798,2.5799999237060547,6200,0,0.0
2019-08-14,2.7300000190734863,2.8299999237060547,2.7300000190734863,2.7699999809265137,8200,0,0.0
2019-08-15,2.75,2.7699999809265137,2.7100000381469727,2.759999990463257,11200,0,0.0
2019-08-16,2.990000009536743,3.130000114440918,2.9700000286102295,3.109999895095825,2800,0,0.0
2019-08-19,3.009999990463257,3.009999990463257,2.940000057220459,2.990000009536743,10000,0,0.0
2019-08-20,2.930000066757202,2.930000066757202,2.8399999141693115,2.869999885559082,6300,0,0.0
2019-08-21,2.759999990463257,2.8299999237060547,2.759999990463257,2.819999933242798,4800,0,0.0
2019-08-22,2.799999952316284,2.799999952316284,2.799999952316284,2.799999952316284,100,0,0.0
2019-08-23,2.859999895095825,2.9800000190734863,2.799999952316284,2.880000114440918,3400,0,0.0
2019-08-26,2.9200000762939453,2.9800000190734863,2.890000104904175,2.9100000858306885,3000,0,0.0
2019-08-27,2.869999885559082,2.869999885559082,2.7899999618530273,2.7899999618530273,3500,0,0.0
2019-08-28,2.759999990463257,2.759999990463257,2.700000047683716,2.7200000286102295,7200,0,0.0
2019-08-29,2.7300000190734863,2.7300000190734863,2.7300000190734863,2.7300000190734863,2800,0,0.0
2019-08-30,2.7100000381469727,2.740000009536743,2.680000066757202,2.680000066757202,2100,0,0.0
2019-09-03,2.5299999713897705,2.859999895095825,2.5299999713897705,2.7200000286102295,14800,0,0.0
2019-09-04,2.680000066757202,2.690000057220459,2.680000066757202,2.690000057220459,1100,0,0.0
2019-09-05,2.619999885559082,2.799999952316284,2.619999885559082,2.75,7800,0,0.0
2019-09-06,2.700000047683716,2.700000047683716,2.700000047683716,2.700000047683716,1700,0,0.0
2019-09-09,2.5899999141693115,2.9100000858306885,2.5899999141693115,2.9100000858306885,7600,0,0.0
2019-09-10,3.259999990463257,3.259999990463257,2.9600000381469727,2.9600000381469727,7600,0,0.0
2019-09-11,3.0299999713897705,3.119999885559082,3.009999990463257,3.119999885559082,14200,0,0.0
2019-09-12,3.180000066757202,3.180000066757202,2.9600000381469727,2.9600000381469727,3800,0,0.0
2019-09-13,3.069999933242798,3.0799999237060547,3.049999952316284,3.0799999237060547,700,0,0.0
2019-09-16,3.0999999046325684,3.0999999046325684,2.9600000381469727,3.0299999713897705,2600,0,0.0
2019-09-17,2.859999895095825,3.0999999046325684,2.859999895095825,3.059999942779541,7000,0,0.0
2019-09-18,3.0999999046325684,3.240000009536743,3.0999999046325684,3.240000009536743,10400,0,0.0
2019-09-19,3.299999952316284,3.309999942779541,3.240000009536743,3.25,4300,0,0.0
2019-09-20,3.1700000762939453,3.2899999618530273,3.1700000762939453,3.2899999618530273,2800,0,0.0
2019-09-23,3.180000066757202,3.200000047683716,2.990000009536743,3.009999990463257,2200,0,0.0
2019-09-24,2.869999885559082,3.190000057220459,2.869999885559082,3.0199999809265137,1900,0,0.0
2019-09-25,3.0199999809265137,3.0199999809265137,2.9200000762939453,2.9200000762939453,7500,0,0.0
2019-09-26,2.9600000381469727,2.9600000381469727,2.809999942779541,2.819999933242798,12200,0,0.0
2019-09-27,2.809999942779541,2.940000057220459,2.7300000190734863,2.7300000190734863,3800,0,0.0
2019-09-30,2.700000047683716,2.700000047683716,2.4800000190734863,2.4800000190734863,7800,0,0.0
2019-10-01,2.4800000190734863,2.509999990463257,2.4800000190734863,2.4800000190734863,5500,0,0.0
2019-10-02,2.509999990463257,2.509999990463257,2.2899999618530273,2.390000104904175,4100,0,0.0
2019-10-03,2.4100000858306885,2.8399999141693115,2.4100000858306885,2.8299999237060547,3100,0,0.0
2019-10-04,2.9200000762939453,2.9200000762939453,2.700000047683716,2.7699999809265137,3000,0,0.0
2019-10-07,2.4600000381469727,2.7699999809265137,2.4600000381469727,2.619999885559082,16100,0,0.0
2019-10-08,2.5,2.640000104904175,2.5,2.640000104904175,2600,0,0.0
2019-10-09,2.619999885559082,2.6700000762939453,2.4600000381469727,2.6600000858306885,9700,0,0.0
2019-10-10,2.4700000286102295,2.630000114440918,2.4700000286102295,2.630000114440918,2700,0,0.0
2019-10-11,2.630000114440918,2.630000114440918,2.5799999237060547,2.5999999046325684,1900,0,0.0
2019-10-14,2.3399999141693115,2.8399999141693115,2.3399999141693115,2.7799999713897705,3400,0,0.0
2019-10-15,2.5799999237060547,2.5799999237060547,2.5299999713897705,2.549999952316284,1600,0,0.0
2019-10-16,2.549999952316284,2.630000114440918,2.549999952316284,2.609999895095825,1600,0,0.0
2019-10-17,2.6700000762939453,2.740000009536743,2.6700000762939453,2.740000009536743,300,0,0.0
2019-10-18,2.7300000190734863,3.009999990463257,2.7300000190734863,3.009999990463257,6900,0,0.0
2019-10-21,3.1600000858306885,3.1600000858306885,2.869999885559082,2.869999885559082,2800,0,0.0
2019-10-22,2.8499999046325684,2.930000066757202,2.8499999046325684,2.930000066757202,3000,0,0.0
2019-10-23,2.859999895095825,2.859999895095825,2.7899999618530273,2.819999933242798,3400,0,0.0
2019-10-24,2.7899999618530273,2.7899999618530273,2.740000009536743,2.7799999713897705,2800,0,0.0
2019-10-25,2.880000114440918,3.1600000858306885,2.880000114440918,2.9600000381469727,7800,0,0.0
2019-10-28,3.0899999141693115,3.0899999141693115,2.990000009536743,2.990000009536743,400,0,0.0
2019-10-29,2.7899999618530273,2.7899999618530273,2.5199999809265137,2.5199999809265137,8200,0,0.0
2019-10-30,2.5,2.799999952316284,2.369999885559082,2.380000114440918,7900,0,0.0
2019-10-31,2.4600000381469727,2.5799999237060547,2.390000104904175,2.390000104904175,10900,0,0.0
2019-11-01,2.390000104904175,2.5399999618530273,2.390000104904175,2.5399999618530273,2200,0,0.0
2019-11-04,2.490000009536743,2.5199999809265137,2.25,2.5,18600,0,0.0
2019-11-05,2.5899999141693115,2.640000104904175,2.390000104904175,2.640000104904175,5200,0,0.0
2019-11-06,2.700000047683716,2.9600000381469727,2.700000047683716,2.950000047683716,6900,0,0.0
2019-11-07,3.190000057220459,3.190000057220459,2.700000047683716,2.880000114440918,14600,0,0.0
2019-11-08,2.7300000190734863,2.7799999713897705,2.549999952316284,2.5799999237060547,8200,0,0.0
2019-11-11,3.059999942779541,3.059999942779541,2.5399999618530273,2.6600000858306885,26200,0,0.0
2019-11-12,2.6600000858306885,2.6600000858306885,2.559999942779541,2.5899999141693115,3300,0,0.0
2019-11-13,2.5899999141693115,2.5899999141693115,2.450000047683716,2.4700000286102295,8900,0,0.0
2019-11-14,2.509999990463257,2.509999990463257,2.4100000858306885,2.4100000858306885,8600,0,0.0
2019-11-15,2.5899999141693115,2.6500000953674316,2.490000009536743,2.490000009536743,5800,0,0.0
2019-11-18,2.4700000286102295,2.490000009536743,2.430000066757202,2.4600000381469727,8500,0,0.0
2019-11-19,2.4200000762939453,2.4200000762939453,2.299999952316284,2.299999952316284,14500,0,0.0
2019-11-20,2.3299999237060547,2.3399999141693115,2.309999942779541,2.3399999141693115,4700,0,0.0
2019-11-21,2.359999895095825,2.380000114440918,2.319999933242798,2.359999895095825,3600,0,0.0
2019-11-22,2.3399999141693115,2.3399999141693115,2.309999942779541,2.309999942779541,2000,0,0.0
2019-11-25,2.299999952316284,2.390000104904175,2.1500000953674316,2.1500000953674316,25500,0,0.0
2019-11-26,2.109999895095825,2.549999952316284,2.109999895095825,2.549999952316284,18200,0,0.0
2019-11-27,2.5999999046325684,2.7200000286102295,2.5299999713897705,2.7200000286102295,14300,0,0.0
2019-11-29,2.7799999713897705,2.7799999713897705,2.7100000381469727,2.7100000381469727,5100,0,0.0
2019-12-02,2.700000047683716,2.9000000953674316,2.700000047683716,2.869999885559082,16800,0,0.0
2019-12-03,2.9600000381469727,2.9600000381469727,2.6700000762939453,2.7799999713897705,5000,0,0.0
2019-12-04,2.700000047683716,2.799999952316284,2.700000047683716,2.7699999809265137,7100,0,0.0
2019-12-05,2.7300000190734863,2.859999895095825,2.6600000858306885,2.8499999046325684,17200,0,0.0
2019-12-06,3.0,3.0,2.740000009536743,2.8299999237060547,15800,0,0.0
2019-12-09,2.9800000190734863,3.0,2.7100000381469727,2.819999933242798,17100,0,0.0
2019-12-10,2.9200000762939453,2.950000047683716,2.75,2.8399999141693115,42900,0,0.0
2019-12-11,3.049999952316284,3.109999895095825,2.859999895095825,3.0999999046325684,80700,0,0.0
2019-12-12,3.049999952316284,3.0999999046325684,2.930000066757202,2.940000057220459,33700,0,0.0
2019-12-13,2.9600000381469727,2.990000009536743,2.859999895095825,2.940000057220459,22300,0,0.0
2019-12-16,2.940000057220459,2.940000057220459,2.869999885559082,2.940000057220459,9800,0,0.0
2019-12-17,2.9000000953674316,2.9000000953674316,2.7799999713897705,2.809999942779541,28200,0,0.0
2019-12-18,2.950000047683716,2.950000047683716,2.740000009536743,2.740000009536743,13600,0,0.0
2019-12-19,2.619999885559082,2.75,2.559999942779541,2.7100000381469727,50600,0,0.0
2019-12-20,2.7200000286102295,2.740000009536743,2.559999942779541,2.559999942779541,31700,0,0.0
2019-12-23,2.559999942779541,2.7799999713897705,2.5199999809265137,2.700000047683716,24800,0,0.0
2019-12-24,2.7100000381469727,2.880000114440918,2.7100000381469727,2.869999885559082,5500,0,0.0
2019-12-26,2.700000047683716,2.950000047683716,2.700000047683716,2.799999952316284,9400,0,0.0
2019-12-27,2.7699999809265137,2.809999942779541,2.6500000953674316,2.7899999618530273,38700,0,0.0
2019-12-30,2.7899999618530273,2.7899999618530273,2.75,2.7899999618530273,3200,0,0.0
2019-12-31,2.7799999713897705,2.9600000381469727,2.5999999046325684,2.9000000953674316,60500,0,0.0
2020-01-02,2.9000000953674316,3.3499999046325684,2.8499999046325684,3.3499999046325684,72900,0,0.0
2020-01-03,3.559999942779541,3.559999942779541,3.1500000953674316,3.2300000190734863,44900,0,0.0
2020-01-06,3.4700000286102295,3.4700000286102295,3.130000114440918,3.2799999713897705,35700,0,0.0
2020-01-07,3.299999952316284,3.299999952316284,3.200000047683716,3.2200000286102295,3600,0,0.0
2020-01-08,3.2100000381469727,3.2100000381469727,3.140000104904175,3.180000066757202,9300,0,0.0
2020-01-09,3.3399999141693115,3.3399999141693115,3.1700000762939453,3.259999990463257,12300,0,0.0
2020-01-10,3.190000057220459,3.4100000858306885,3.190000057220459,3.369999885559082,12700,0,0.0
2020-01-13,3.309999942779541,3.380000114440918,3.2300000190734863,3.380000114440918,23000,0,0.0
2020-01-14,3.359999895095825,3.5,3.3499999046325684,3.390000104904175,18700,0,0.0
2020-01-15,3.490000009536743,3.9800000190734863,3.4000000953674316,3.9700000286102295,111200,0,0.0
2020-01-16,4.0,4.039999961853027,3.75,4.039999961853027,80000,0,0.0
2020-01-17,3.990000009536743,4.099999904632568,3.9100000858306885,4.0,47100,0,0.0
2020-01-21,4.21999979019165,4.5,4.039999961853027,4.179999828338623,172600,0,0.0
2020-01-22,4.409999847412109,4.409999847412109,4.099999904632568,4.139999866485596,28400,0,0.0
2020-01-23,4.190000057220459,4.400000095367432,4.099999904632568,4.380000114440918,87100,0,0.0
2020-01-24,4.480000019073486,4.480000019073486,4.150000095367432,4.190000057220459,57600,0,0.0
2020-01-27,4.050000190734863,4.150000095367432,3.9000000953674316,4.139999866485596,55500,0,0.0
2020-01-28,4.329999923706055,4.46999979019165,4.239999771118164,4.429999828338623,47900,0,0.0
2020-01-29,4.5,4.929999828338623,4.349999904632568,4.920000076293945,149000,0,0.0
2020-01-30,4.760000228881836,4.909999847412109,4.429999828338623,4.630000114440918,61000,0,0.0
2020-01-31,4.849999904632568,4.849999904632568,4.519999980926514,4.570000171661377,27300,0,0.0
2020-02-03,4.570000171661377,4.570000171661377,4.409999847412109,4.519999980926514,31200,0,0.0
2020-02-04,4.699999809265137,4.820000171661377,4.599999904632568,4.789999961853027,53600,0,0.0
2020-02-05,4.940000057220459,4.940000057220459,4.550000190734863,4.699999809265137,50800,0,0.0
2020-02-06,4.860000133514404,4.900000095367432,4.619999885559082,4.900000095367432,72400,0,0.0
2020-02-07,4.860000133514404,4.860000133514404,4.690000057220459,4.699999809265137,28900,0,0.0
2020-02-10,4.610000133514404,4.75,4.519999980926514,4.579999923706055,58200,0,0.0
2020-02-11,4.599999904632568,4.599999904632568,4.429999828338623,4.460000038146973,27600,0,0.0
2020-02-12,4.460000038146973,4.46999979019165,4.300000190734863,4.349999904632568,24700,0,0.0
2020-02-13,4.309999942779541,4.329999923706055,3.9000000953674316,3.9000000953674316,59900,0,0.0
2020-02-14,3.930000066757202,4.269999980926514,3.6600000858306885,4.199999809265137,67900,0,0.0
2020-02-18,4.329999923706055,4.409999847412109,4.079999923706055,4.340000152587891,54200,0,0.0
2020-02-19,4.340000152587891,4.539999961853027,4.340000152587891,4.409999847412109,58300,0,0.0
2020-02-20,4.409999847412109,4.949999809265137,4.409999847412109,4.769999980926514,140600,0,0.0
2020-02-21,4.800000190734863,5.119999885559082,4.5,4.710000038146973,109700,0,0.0
2020-02-24,4.809999942779541,4.920000076293945,4.289999961853027,4.78000020980835,170900,0,0.0
2020-02-25,4.539999961853027,4.760000228881836,2.809999942779541,2.869999885559082,558700,0,0.0
2020-02-26,3.0,3.130000114440918,2.619999885559082,2.6700000762939453,214600,0,0.0
2020-02-27,2.7100000381469727,2.75,2.309999942779541,2.4100000858306885,134700,0,0.0
2020-02-28,2.440000057220459,2.440000057220459,2.130000114440918,2.200000047683716,138300,0,0.0
2020-03-02,2.309999942779541,2.309999942779541,2.0199999809265137,2.180000066757202,148600,0,0.0
2020-03-03,2.25,2.450000047683716,2.180000066757202,2.4100000858306885,110400,0,0.0
2020-03-04,2.7300000190734863,2.759999990463257,2.4100000858306885,2.75,391100,0,0.0
2020-03-05,2.75,3.3399999141693115,2.549999952316284,3.200000047683716,364100,0,0.0
2020-03-06,3.359999895095825,3.359999895095825,2.8299999237060547,2.940000057220459,230900,0,0.0
2020-03-09,2.930000066757202,2.930000066757202,2.4000000953674316,2.75,186600,0,0.0
2020-03-10,2.940000057220459,3.049999952316284,2.569999933242798,2.7100000381469727,141800,0,0.0
2020-03-11,2.5299999713897705,2.640000104904175,2.2899999618530273,2.380000114440918,97000,0,0.0
2020-03-12,2.200000047683716,2.299999952316284,2.049999952316284,2.190000057220459,74700,0,0.0
2020-03-13,2.3499999046325684,2.3499999046325684,2.059999942779541,2.0899999141693115,63600,0,0.0
2020-03-16,2.0,2.049999952316284,1.7599999904632568,1.8200000524520874,78500,0,0.0
2020-03-17,1.9800000190734863,2.109999895095825,1.8300000429153442,2.0299999713897705,34600,0,0.0
2020-03-18,3.25,3.5999999046325684,2.0,2.299999952316284,3380400,0,0.0
2020-03-19,2.319999933242798,2.319999933242798,1.899999976158142,1.9800000190734863,566700,0,0.0
2020-03-20,1.9199999570846558,2.0799999237060547,1.6299999952316284,1.7599999904632568,331400,0,0.0
2020-03-23,1.7300000190734863,1.7300000190734863,1.350000023841858,1.399999976158142,288100,0,0.0
2020-03-24,1.5,1.6299999952316284,1.399999976158142,1.4800000190734863,213000,0,0.0
2020-03-25,1.4800000190734863,1.690000057220459,1.409999966621399,1.5399999618530273,230100,0,0.0
2020-03-26,1.6399999856948853,1.8899999856948853,1.5499999523162842,1.7100000381469727,297700,0,0.0
2020-03-27,1.7799999713897705,1.7799999713897705,1.600000023841858,1.649999976158142,124900,0,0.0
2020-03-30,1.8600000143051147,1.8600000143051147,1.649999976158142,1.7699999809265137,213100,0,0.0
2020-03-31,1.850000023841858,1.850000023841858,1.590000033378601,1.7400000095367432,176000,0,0.0
2020-04-01,1.5299999713897705,1.6699999570846558,1.5,1.6100000143051147,202300,0,0.0
2020-04-02,1.5800000429153442,1.6299999952316284,1.5,1.5800000429153442,94000,0,0.0
2020-04-03,1.5800000429153442,1.75,1.559999942779541,1.690000057220459,148500,0,0.0
2020-04-06,1.7200000286102295,1.7400000095367432,1.6200000047683716,1.7200000286102295,109300,0,0.0
2020-04-07,1.7999999523162842,1.7999999523162842,1.5399999618530273,1.590000033378601,151700,0,0.0
2020-04-08,1.5700000524520874,1.6699999570846558,1.5499999523162842,1.649999976158142,94500,0,0.0
2020-04-09,1.6699999570846558,1.7300000190734863,1.600000023841858,1.7000000476837158,126400,0,0.0
2020-04-13,1.659999966621399,1.690000057220459,1.6200000047683716,1.690000057220459,74600,0,0.0
2020-04-14,1.690000057220459,1.690000057220459,1.5399999618530273,1.5800000429153442,259600,0,0.0
2020-04-15,1.6299999952316284,1.649999976158142,1.5,1.5700000524520874,231100,0,0.0
2020-04-16,1.5299999713897705,1.6399999856948853,1.5099999904632568,1.5199999809265137,79200,0,0.0
2020-04-17,1.5800000429153442,1.690000057220459,1.5299999713897705,1.6699999570846558,108300,0,0.0
2020-04-20,1.7000000476837158,1.9299999475479126,1.659999966621399,1.7899999618530273,242000,0,0.0
2020-04-21,1.7899999618530273,1.8799999952316284,1.7300000190734863,1.7999999523162842,149800,0,0.0
2020-04-22,1.909999966621399,2.0899999141693115,1.7999999523162842,2.009999990463257,284400,0,0.0
2020-04-23,2.109999895095825,2.380000114440918,2.0,2.0999999046325684,338400,0,0.0
2020-04-24,2.200000047683716,2.440000057220459,2.119999885559082,2.3399999141693115,281000,0,0.0
2020-04-27,2.5,2.5,2.200000047683716,2.4000000953674316,199700,0,0.0
2020-04-28,2.4200000762939453,2.490000009536743,2.299999952316284,2.390000104904175,122700,0,0.0
2020-04-29,2.390000104904175,2.430000066757202,2.2200000286102295,2.3499999046325684,177600,0,0.0
2020-04-30,2.369999885559082,2.4800000190734863,2.1700000762939453,2.450000047683716,287400,0,0.0
2020-05-01,2.359999895095825,2.4100000858306885,2.1600000858306885,2.240000009536743,125700,0,0.0
2020-05-04,2.3499999046325684,2.3499999046325684,2.059999942779541,2.25,112700,0,0.0
2020-05-05,2.2699999809265137,2.3299999237060547,2.130000114440918,2.180000066757202,151200,0,0.0
2020-05-06,2.259999990463257,2.259999990463257,2.0999999046325684,2.180000066757202,90200,0,0.0
2020-05-07,2.2200000286102295,2.299999952316284,2.130000114440918,2.200000047683716,124600,0,0.0
2020-05-08,2.2300000190734863,2.2799999713897705,2.180000066757202,2.2300000190734863,73300,0,0.0
2020-05-11,2.200000047683716,2.4000000953674316,2.190000057220459,2.369999885559082,119600,0,0.0
2020-05-12,2.359999895095825,2.569999933242798,2.359999895095825,2.490000009536743,208600,0,0.0
2020-05-13,2.5299999713897705,2.869999885559082,2.5299999713897705,2.700000047683716,555300,0,0.0
2020-05-14,2.700000047683716,2.7899999618530273,2.3499999046325684,2.5299999713897705,166300,0,0.0
2020-05-15,2.5399999618530273,2.700000047683716,2.180000066757202,2.299999952316284,226700,0,0.0
2020-05-18,3.0,3.0999999046325684,2.559999942779541,2.950000047683716,1182500,0,0.0
2020-05-19,3.0,3.5,2.7200000286102295,3.3299999237060547,1177600,0,0.0
2020-05-20,3.3299999237060547,3.490000009536743,3.009999990463257,3.319999933242798,481400,0,0.0
2020-05-21,3.75,4.0,3.4600000381469727,3.630000114440918,2231400,0,0.0
2020-05-22,3.5999999046325684,3.700000047683716,3.359999895095825,3.5299999713897705,522100,0,0.0
2020-05-26,3.549999952316284,3.5799999237060547,3.130000114440918,3.309999942779541,467800,0,0.0
2020-05-27,3.25,3.299999952316284,2.880000114440918,3.1500000953674316,275500,0,0.0
2020-05-28,3.0,3.140000104904175,3.0,3.0799999237060547,207600,0,0.0
2020-05-29,3.0299999713897705,3.0899999141693115,2.880000114440918,2.950000047683716,212400,0,0.0
2020-06-01,2.9700000286102295,3.1500000953674316,2.8399999141693115,3.140000104904175,242200,0,0.0
2020-06-02,3.1700000762939453,3.200000047683716,2.950000047683716,3.0899999141693115,170300,0,0.0
2020-06-03,3.0799999237060547,3.0799999237060547,2.9000000953674316,2.9600000381469727,238900,0,0.0
2020-06-04,2.9000000953674316,2.950000047683716,2.680000066757202,2.869999885559082,447300,0,0.0
2020-06-05,2.9600000381469727,2.9600000381469727,2.75,2.9100000858306885,568000,0,0.0
2020-06-08,2.990000009536743,3.059999942779541,2.880000114440918,3.059999942779541,278900,0,0.0
2020-06-09,2.990000009536743,3.059999942779541,2.819999933242798,2.880000114440918,235900,0,0.0
2020-06-10,2.880000114440918,2.9100000858306885,2.7699999809265137,2.890000104904175,152000,0,0.0
2020-06-11,2.759999990463257,2.7699999809265137,2.549999952316284,2.700000047683716,281500,0,0.0
2020-06-12,2.75,2.819999933242798,2.5799999237060547,2.75,182800,0,0.0
2020-06-15,2.7799999713897705,2.940000057220459,2.6600000858306885,2.9200000762939453,112400,0,0.0
2020-06-16,2.9600000381469727,2.9600000381469727,2.759999990463257,2.9200000762939453,146100,0,0.0
2020-06-17,2.9100000858306885,2.9800000190734863,2.809999942779541,2.9200000762939453,185500,0,0.0
2020-06-18,2.8499999046325684,2.9700000286102295,2.8299999237060547,2.869999885559082,117400,0,0.0
2020-06-19,2.940000057220459,2.950000047683716,2.700000047683716,2.9100000858306885,215100,0,0.0
2020-06-22,2.9100000858306885,2.940000057220459,2.7899999618530273,2.890000104904175,122200,0,0.0
2020-06-23,2.890000104904175,2.940000057220459,2.819999933242798,2.880000114440918,139500,0,0.0
2020-06-24,2.819999933242798,2.8399999141693115,2.7100000381469727,2.8299999237060547,135000,0,0.0
2020-06-25,2.7899999618530273,2.809999942779541,2.7100000381469727,2.7799999713897705,98800,0,0.0
2020-06-26,2.809999942779541,3.3299999237060547,2.809999942779541,2.990000009536743,844600,0,0.0
2020-06-29,3.059999942779541,3.190000057220459,2.9000000953674316,3.109999895095825,294600,0,0.0
2020-06-30,3.119999885559082,3.2200000286102295,3.0299999713897705,3.109999895095825,218200,0,0.0
2020-07-01,3.140000104904175,3.140000104904175,2.9000000953674316,2.9100000858306885,169500,0,0.0
2020-07-02,2.950000047683716,3.049999952316284,2.8299999237060547,2.869999885559082,201900,0,0.0
2020-07-06,2.880000114440918,2.9700000286102295,2.799999952316284,2.930000066757202,181600,0,0.0
2020-07-07,2.930000066757202,3.119999885559082,2.859999895095825,3.0399999618530273,164900,0,0.0
2020-07-08,3.0399999618530273,3.049999952316284,2.859999895095825,2.9600000381469727,194300,0,0.0
2020-07-09,2.9700000286102295,3.0399999618530273,2.8499999046325684,2.9600000381469727,213400,0,0.0
2020-07-10,2.9600000381469727,3.0399999618530273,2.9100000858306885,2.950000047683716,79700,0,0.0
2020-07-13,3.0,3.0799999237060547,2.940000057220459,3.0,185400,0,0.0
2020-07-14,6.090000152587891,6.820000171661377,4.150000095367432,4.630000114440918,62093900,0,0.0
2020-07-15,4.440000057220459,4.550000190734863,3.9000000953674316,4.349999904632568,5621600,0,0.0
2020-07-16,4.400000095367432,4.809999942779541,4.210000038146973,4.78000020980835,2905400,0,0.0
2020-07-17,4.869999885559082,5.179999828338623,4.699999809265137,5.019999980926514,4044700,0,0.0
2020-07-20,5.190000057220459,6.309999942779541,5.159999847412109,5.949999809265137,7259500,0,0.0
2020-07-21,5.900000095367432,6.0,5.170000076293945,5.510000228881836,2577000,0,0.0
2020-07-22,5.28000020980835,5.690000057220459,5.099999904632568,5.420000076293945,2105000,0,0.0
2020-07-23,5.300000190734863,5.380000114440918,4.829999923706055,5.010000228881836,1385000,0,0.0
2020-07-24,4.909999847412109,5.099999904632568,4.699999809265137,5.070000171661377,1040200,0,0.0
2020-07-27,5.079999923706055,5.380000114440918,4.860000133514404,5.039999961853027,928500,0,0.0
2020-07-28,4.980000019073486,5.079999923706055,4.860000133514404,4.949999809265137,976600,0,0.0
2020-07-29,5.039999961853027,5.050000190734863,4.710000038146973,4.800000190734863,773900,0,0.0
2020-07-30,4.71999979019165,5.269999980926514,4.710000038146973,5.210000038146973,1026600,0,0.0
2020-07-31,5.28000020980835,5.300000190734863,4.909999847412109,5.170000076293945,729700,0,0.0
2020-08-03,5.170000076293945,5.210000038146973,4.909999847412109,5.070000171661377,496000,0,0.0
2020-08-04,5.070000171661377,5.179999828338623,4.949999809265137,5.159999847412109,684600,0,0.0
2020-08-05,5.699999809265137,5.730000019073486,4.949999809265137,5.039999961853027,6580600,0,0.0
2020-08-06,4.980000019073486,5.110000133514404,4.920000076293945,5.070000171661377,948700,0,0.0
2020-08-07,5.050000190734863,5.150000095367432,4.949999809265137,5.110000133514404,685000,0,0.0
2020-08-10,5.150000095367432,5.190000057220459,5.03000020980835,5.119999885559082,500700,0,0.0
2020-08-11,5.070000171661377,5.110000133514404,4.840000152587891,5.039999961853027,701800,0,0.0
2020-08-12,5.03000020980835,5.059999942779541,4.300000190734863,4.460000038146973,1229900,0,0.0
2020-08-13,4.409999847412109,4.809999942779541,4.400000095367432,4.760000228881836,446200,0,0.0
2020-08-14,4.699999809265137,4.78000020980835,4.559999942779541,4.670000076293945,351600,0,0.0
2020-08-17,4.739999771118164,4.849999904632568,4.599999904632568,4.849999904632568,317500,0,0.0
2020-08-18,4.820000171661377,4.980000019073486,4.71999979019165,4.820000171661377,239200,0,0.0
2020-08-19,4.78000020980835,4.78000020980835,4.550000190734863,4.590000152587891,248900,0,0.0
2020-08-20,4.539999961853027,4.849999904632568,4.539999961853027,4.829999923706055,363800,0,0.0
2020-08-21,4.789999961853027,4.789999961853027,4.619999885559082,4.670000076293945,169400,0,0.0
2020-08-24,4.550000190734863,4.610000133514404,4.159999847412109,4.210000038146973,619100,0,0.0
2020-08-25,4.150000095367432,4.349999904632568,3.9200000762939453,4.139999866485596,756300,0,0.0
2020-08-26,4.210000038146973,4.300000190734863,4.090000152587891,4.21999979019165,204800,0,0.0
2020-08-27,4.210000038146973,4.380000114440918,4.099999904632568,4.300000190734863,536200,0,0.0
2020-08-28,4.300000190734863,4.320000171661377,4.090000152587891,4.320000171661377,387300,0,0.0
2020-08-31,4.360000133514404,4.440000057220459,3.9800000190734863,4.170000076293945,356900,0,0.0
2020-09-01,4.239999771118164,4.239999771118164,4.039999961853027,4.199999809265137,203800,0,0.0
2020-09-02,4.150000095367432,4.170000076293945,3.8399999141693115,4.070000171661377,512500,0,0.0
2020-09-03,4.099999904632568,4.21999979019165,4.010000228881836,4.159999847412109,426700,0,0.0
2020-09-04,4.150000095367432,4.230000019073486,4.0,4.110000133514404,299400,0,0.0
2020-09-08,4.010000228881836,4.110000133514404,3.8499999046325684,4.03000020980835,250300,0,0.0
2020-09-09,4.039999961853027,4.519999980926514,4.019999980926514,4.340000152587891,422100,0,0.0
2020-09-10,4.329999923706055,4.449999809265137,4.300000190734863,4.420000076293945,170400,0,0.0
2020-09-11,4.380000114440918,4.449999809265137,4.150000095367432,4.300000190734863,109900,0,0.0
2020-09-14,4.300000190734863,4.690000057220459,4.230000019073486,4.650000095367432,291300,0,0.0
2020-09-15,4.679999828338623,5.050000190734863,4.679999828338623,5.0,583500,0,0.0
2020-09-16,5.0,5.0,4.710000038146973,4.849999904632568,517400,0,0.0
2020-09-17,4.699999809265137,5.059999942779541,4.699999809265137,4.949999809265137,539700,0,0.0
2020-09-18,4.880000114440918,5.03000020980835,4.769999980926514,4.96999979019165,325600,0,0.0
2020-09-21,4.949999809265137,4.949999809265137,4.610000133514404,4.71999979019165,357000,0,0.0
2020-09-22,4.71999979019165,4.829999923706055,4.550000190734863,4.809999942779541,204200,0,0.0
2020-09-23,4.809999942779541,4.829999923706055,4.559999942779541,4.619999885559082,230200,0,0.0
2020-09-24,4.510000228881836,4.539999961853027,4.179999828338623,4.409999847412109,411100,0,0.0
2020-09-25,4.340000152587891,4.679999828338623,4.340000152587891,4.420000076293945,166100,0,0.0
2020-09-28,4.480000019073486,4.590000152587891,4.349999904632568,4.460000038146973,193600,0,0.0
2020-09-29,4.429999828338623,4.619999885559082,4.380000114440918,4.619999885559082,229200,0,0.0
2020-09-30,4.590000152587891,4.699999809265137,4.440000057220459,4.440000057220459,176500,0,0.0
2020-10-01,4.440000057220459,4.570000171661377,4.25,4.400000095367432,272200,0,0.0
2020-10-02,4.309999942779541,4.420000076293945,4.199999809265137,4.300000190734863,98800,0,0.0
2020-10-05,4.260000228881836,4.440000057220459,4.25,4.260000228881836,242100,0,0.0
2020-10-06,4.210000038146973,4.340000152587891,4.150000095367432,4.230000019073486,213200,0,0.0
2020-10-07,4.289999961853027,4.309999942779541,4.099999904632568,4.110000133514404,255200,0,0.0
2020-10-08,4.28000020980835,4.329999923706055,3.8499999046325684,3.9000000953674316,882400,0,0.0
2020-10-09,3.9700000286102295,3.990000009536743,3.6600000858306885,3.8499999046325684,526900,0,0.0
2020-10-12,3.8499999046325684,3.9000000953674316,3.6700000762939453,3.690000057220459,225800,0,0.0
2020-10-13,3.8399999141693115,3.8499999046325684,3.6600000858306885,3.759999990463257,224700,0,0.0
2020-10-14,3.75,3.7699999809265137,3.430000066757202,3.569999933242798,473200,0,0.0
2020-10-15,3.5,3.5,3.299999952316284,3.3499999046325684,383900,0,0.0
2020-10-16,3.3499999046325684,3.609999895095825,3.259999990463257,3.609999895095825,304800,0,0.0
2020-10-19,3.5799999237060547,3.6500000953674316,3.450000047683716,3.569999933242798,212200,0,0.0
2020-10-20,3.509999990463257,3.559999942779541,3.4200000762939453,3.509999990463257,170100,0,0.0
2020-10-21,3.5,3.5199999809265137,3.359999895095825,3.509999990463257,218400,0,0.0
2020-10-22,3.4800000190734863,3.5199999809265137,3.369999885559082,3.440000057220459,225700,0,0.0
2020-10-23,3.4100000858306885,3.450000047683716,3.3399999141693115,3.380000114440918,136200,0,0.0
2020-10-26,3.3399999141693115,3.390000104904175,3.140000104904175,3.1500000953674316,254400,0,0.0
2020-10-27,3.140000104904175,3.380000114440918,3.059999942779541,3.319999933242798,173000,0,0.0
2020-10-28,3.2699999809265137,3.2699999809265137,3.059999942779541,3.190000057220459,150200,0,0.0
2020-10-29,3.190000057220459,3.259999990463257,3.0299999713897705,3.240000009536743,143600,0,0.0
2020-10-30,3.2100000381469727,3.240000009536743,3.0799999237060547,3.1500000953674316,155700,0,0.0
2020-11-02,3.1700000762939453,3.259999990463257,3.130000114440918,3.1700000762939453,129300,0,0.0
2020-11-03,3.1700000762939453,3.369999885559082,3.1600000858306885,3.319999933242798,212600,0,0.0
2020-11-04,3.319999933242798,3.5299999713897705,3.309999942779541,3.4700000286102295,282800,0,0.0
2020-11-05,3.559999942779541,3.569999933242798,3.2899999618530273,3.359999895095825,351100,0,0.0
2020-11-06,3.390000104904175,3.7200000286102295,3.2799999713897705,3.7100000381469727,582900,0,0.0
2020-11-09,3.7899999618530273,3.7899999618530273,3.2699999809265137,3.5399999618530273,1193700,0,0.0
2020-11-10,3.5999999046325684,3.859999895095825,3.5999999046325684,3.859999895095825,524200,0,0.0
2020-11-11,3.930000066757202,4.050000190734863,3.880000114440918,4.03000020980835,558200,0,0.0
2020-11-12,3.9600000381469727,4.050000190734863,3.4000000953674316,3.490000009536743,549900,0,0.0
2020-11-13,3.559999942779541,3.609999895095825,3.5,3.5899999141693115,201700,0,0.0
2020-11-16,3.6500000953674316,3.799999952316284,3.4700000286102295,3.559999942779541,284300,0,0.0
2020-11-17,3.549999952316284,3.569999933242798,3.4100000858306885,3.4100000858306885,250000,0,0.0
2020-11-18,3.430000066757202,3.5299999713897705,3.380000114440918,3.4000000953674316,230800,0,0.0
2020-11-19,3.450000047683716,3.4800000190734863,3.2799999713897705,3.319999933242798,250000,0,0.0
2020-11-20,3.299999952316284,3.5,3.2799999713897705,3.4600000381469727,250200,0,0.0
2020-11-23,3.5,3.5899999141693115,3.4700000286102295,3.5199999809265137,352800,0,0.0
2020-11-24,3.509999990463257,3.569999933242798,3.369999885559082,3.4700000286102295,289500,0,0.0
2020-11-25,3.4800000190734863,3.509999990463257,3.390000104904175,3.450000047683716,186400,0,0.0
2020-11-27,3.4600000381469727,3.5999999046325684,3.4600000381469727,3.5899999141693115,166500,0,0.0
2020-11-30,3.6700000762939453,3.880000114440918,3.6600000858306885,3.880000114440918,590000,0,0.0
2020-12-01,3.950000047683716,3.9800000190734863,3.609999895095825,3.630000114440918,266600,0,0.0
2020-12-02,3.5999999046325684,3.690000057220459,3.450000047683716,3.5199999809265137,211000,0,0.0
2020-12-03,3.559999942779541,3.7200000286102295,3.4200000762939453,3.5199999809265137,728900,0,0.0
2020-12-04,3.5199999809265137,3.630000114440918,3.4100000858306885,3.4800000190734863,361300,0,0.0
2020-12-07,3.569999933242798,3.640000104904175,3.369999885559082,3.440000057220459,273500,0,0.0
2020-12-08,3.4200000762939453,3.5399999618530273,3.309999942779541,3.359999895095825,337100,0,0.0
2020-12-09,3.4200000762939453,3.450000047683716,3.0999999046325684,3.1700000762939453,453000,0,0.0
2020-12-10,3.1700000762939453,3.369999885559082,3.0999999046325684,3.3499999046325684,406300,0,0.0
2020-12-11,3.369999885559082,3.4000000953674316,3.1700000762939453,3.2699999809265137,166800,0,0.0
2020-12-14,3.25,3.4000000953674316,3.190000057220459,3.2100000381469727,307300,0,0.0
2020-12-15,3.2200000286102295,3.2699999809265137,3.1500000953674316,3.1700000762939453,278000,0,0.0
2020-12-16,3.200000047683716,3.259999990463257,3.0999999046325684,3.2300000190734863,200300,0,0.0
2020-12-17,3.259999990463257,3.259999990463257,3.1600000858306885,3.190000057220459,177700,0,0.0
2020-12-18,3.1700000762939453,3.2699999809265137,3.130000114440918,3.130000114440918,345400,0,0.0
2020-12-21,3.130000114440918,3.240000009536743,2.950000047683716,2.9800000190734863,561200,0,0.0
2020-12-22,2.9800000190734863,3.049999952316284,2.880000114440918,2.9000000953674316,376800,0,0.0
2020-12-23,2.9000000953674316,3.0899999141693115,2.819999933242798,3.0199999809265137,555200,0,0.0
2020-12-24,3.0999999046325684,3.0999999046325684,2.9700000286102295,3.049999952316284,145200,0,0.0
2020-12-28,3.3399999141693115,3.640000104904175,3.1500000953674316,3.3299999237060547,1865300,0,0.0
2020-12-29,3.25,3.2799999713897705,3.0399999618530273,3.190000057220459,525900,0,0.0
2020-12-30,3.180000066757202,3.2300000190734863,3.0899999141693115,3.140000104904175,286800,0,0.0
2020-12-31,3.119999885559082,3.140000104904175,3.0399999618530273,3.0799999237060547,190100,0,0.0
2021-01-04,3.049999952316284,3.2200000286102295,3.009999990463257,3.190000057220459,235800,0,0.0
2021-01-05,3.140000104904175,3.2699999809265137,3.109999895095825,3.2300000190734863,124800,0,0.0
2021-01-06,3.2200000286102295,3.359999895095825,3.1700000762939453,3.2300000190734863,223100,0,0.0
2021-01-07,3.2300000190734863,3.4700000286102295,3.2200000286102295,3.4600000381469727,337300,0,0.0
2021-01-08,3.4600000381469727,3.5,3.319999933242798,3.4800000190734863,153800,0,0.0
2021-01-11,3.4200000762939453,3.440000057220459,3.299999952316284,3.3499999046325684,166900,0,0.0
2021-01-12,3.319999933242798,3.4000000953674316,3.25,3.3299999237060547,121900,0,0.0
2021-01-13,3.299999952316284,3.4200000762939453,3.259999990463257,3.299999952316284,214500,0,0.0
2021-01-14,3.2699999809265137,3.5,3.2699999809265137,3.440000057220459,295800,0,0.0
2021-01-15,3.4600000381469727,3.5999999046325684,3.430000066757202,3.5299999713897705,197200,0,0.0
2021-01-19,3.559999942779541,3.700000047683716,3.450000047683716,3.700000047683716,229400,0,0.0
2021-01-20,3.6500000953674316,3.8399999141693115,3.509999990463257,3.700000047683716,331100,0,0.0
2021-01-21,3.7100000381469727,3.759999990463257,3.490000009536743,3.5999999046325684,204600,0,0.0
2021-01-22,3.609999895095825,3.7300000190734863,3.5199999809265137,3.680000066757202,193000,0,0.0
2021-01-25,3.690000057220459,3.740000009536743,3.4800000190734863,3.5999999046325684,226100,0,0.0
2021-01-26,3.569999933242798,3.630000114440918,3.4000000953674316,3.5399999618530273,322000,0,0.0
2021-01-27,3.4700000286102295,3.700000047683716,3.369999885559082,3.630000114440918,449600,0,0.0
2021-01-28,3.569999933242798,3.7100000381469727,3.509999990463257,3.559999942779541,289000,0,0.0
2021-01-29,3.559999942779541,3.630000114440918,3.4200000762939453,3.4600000381469727,169800,0,0.0
2021-02-01,3.5,3.6700000762939453,3.440000057220459,3.6700000762939453,187500,0,0.0
2021-02-02,3.7200000286102295,3.7200000286102295,3.5,3.690000057220459,259600,0,0.0
2021-02-03,3.7200000286102295,3.869999885559082,3.6500000953674316,3.8299999237060547,346100,0,0.0
2021-02-04,3.859999895095825,4.389999866485596,3.8499999046325684,4.360000133514404,890600,0,0.0
2021-02-05,4.400000095367432,4.599999904632568,4.179999828338623,4.409999847412109,756200,0,0.0
2021-02-08,4.420000076293945,4.570000171661377,4.25,4.409999847412109,483200,0,0.0
2021-02-09,4.480000019073486,4.480000019073486,4.230000019073486,4.380000114440918,349900,0,0.0
2021-02-10,4.340000152587891,4.429999828338623,4.159999847412109,4.309999942779541,310600,0,0.0
2021-02-11,4.309999942779541,4.349999904632568,4.059999942779541,4.21999979019165,385200,0,0.0
2021-02-12,4.199999809265137,4.260000228881836,4.070000171661377,4.159999847412109,164200,0,0.0
2021-02-16,4.21999979019165,4.21999979019165,3.9100000858306885,4.090000152587891,276200,0,0.0
2021-02-17,4.099999904632568,4.099999904632568,3.75,3.819999933242798,312400,0,0.0
2021-02-18,3.859999895095825,3.859999895095825,3.5999999046325684,3.7200000286102295,218200,0,0.0
2021-02-19,3.75,4.019999980926514,3.7200000286102295,3.990000009536743,244000,0,0.0
2021-02-22,3.990000009536743,3.990000009536743,3.7699999809265137,3.7799999713897705,177000,0,0.0
2021-02-23,3.740000009536743,3.740000009536743,3.440000057220459,3.5399999618530273,370800,0,0.0
2021-02-24,3.5899999141693115,3.680000066757202,3.4800000190734863,3.5399999618530273,219800,0,0.0
2021-02-25,3.569999933242798,3.640000104904175,3.259999990463257,3.3399999141693115,201700,0,0.0
2021-02-26,3.4200000762939453,3.4800000190734863,3.2799999713897705,3.319999933242798,106100,0,0.0
2021-03-01,3.5,3.569999933242798,3.369999885559082,3.5299999713897705,271300,0,0.0
2021-03-02,3.5,3.5299999713897705,3.3499999046325684,3.3499999046325684,165000,0,0.0
2021-03-03,3.4200000762939453,3.4200000762939453,3.259999990463257,3.3499999046325684,166900,0,0.0
2021-03-04,3.359999895095825,3.440000057220459,3.0999999046325684,3.2300000190734863,247500,0,0.0
2021-03-05,3.2899999618530273,3.319999933242798,3.0,3.2100000381469727,159300,0,0.0
2021-03-08,3.299999952316284,3.359999895095825,3.1500000953674316,3.2699999809265137,174200,0,0.0
2021-03-09,3.3299999237060547,3.559999942779541,3.3299999237060547,3.559999942779541,204600,0,0.0
2021-03-10,3.680000066757202,3.680000066757202,3.4200000762939453,3.559999942779541,205300,0,0.0
2021-03-11,3.5899999141693115,3.6700000762939453,3.5199999809265137,3.630000114440918,130400,0,0.0
2021-03-12,3.680000066757202,3.880000114440918,3.609999895095825,3.8399999141693115,281300,0,0.0
2021-03-15,3.9000000953674316,3.950000047683716,3.759999990463257,3.880000114440918,171000,0,0.0
2021-03-16,3.880000114440918,3.9100000858306885,3.7799999713897705,3.9000000953674316,180800,0,0.0
2021-03-17,3.930000066757202,3.930000066757202,3.119999885559082,3.2799999713897705,1394500,0,0.0
2021-03-18,3.2699999809265137,3.2899999618530273,3.119999885559082,3.130000114440918,619000,0,0.0
2021-03-19,3.180000066757202,3.180000066757202,3.049999952316284,3.0799999237060547,347700,0,0.0
2021-03-22,3.0999999046325684,3.200000047683716,3.0199999809265137,3.069999933242798,187100,0,0.0
2021-03-23,3.1500000953674316,3.1600000858306885,2.9600000381469727,2.990000009536743,314200,0,0.0
2021-03-24,3.0,3.0799999237060547,2.9200000762939453,2.9200000762939453,246300,0,0.0
2021-03-25,2.940000057220459,2.9700000286102295,2.8299999237060547,2.930000066757202,226900,0,0.0
2021-03-26,2.990000009536743,3.059999942779541,2.950000047683716,3.0299999713897705,223900,0,0.0
2021-03-29,3.0399999618530273,3.0399999618530273,2.869999885559082,2.940000057220459,171300,0,0.0
2021-03-30,2.990000009536743,3.0899999141693115,2.9800000190734863,3.0899999141693115,189100,0,0.0
2021-03-31,3.0899999141693115,3.3499999046325684,3.049999952316284,3.319999933242798,460400,0,0.0
2021-04-01,3.319999933242798,3.3499999046325684,3.140000104904175,3.200000047683716,126800,0,0.0
2021-04-05,3.25,3.259999990463257,3.1500000953674316,3.240000009536743,72700,0,0.0
2021-04-06,3.200000047683716,3.2899999618530273,3.140000104904175,3.190000057220459,109600,0,0.0
2021-04-07,3.130000114440918,3.1700000762939453,2.9200000762939453,2.9600000381469727,619500,0,0.0
2021-04-08,2.9600000381469727,2.9600000381469727,2.8399999141693115,2.859999895095825,246400,0,0.0
2021-04-09,2.8399999141693115,2.950000047683716,2.8299999237060547,2.9000000953674316,84400,0,0.0
2021-04-12,2.880000114440918,2.880000114440918,2.7799999713897705,2.819999933242798,116000,0,0.0
2021-04-13,2.7899999618530273,2.8499999046325684,2.680000066757202,2.7300000190734863,201200,0,0.0
2021-04-14,2.7100000381469727,2.819999933242798,2.700000047683716,2.7899999618530273,79200,0,0.0
2021-04-15,2.7899999618530273,2.8399999141693115,2.75,2.7899999618530273,109700,0,0.0
2021-04-16,2.7799999713897705,2.8399999141693115,2.7200000286102295,2.7699999809265137,99500,0,0.0
2021-04-19,2.6600000858306885,2.75,2.619999885559082,2.680000066757202,82500,0,0.0
2021-04-20,2.6500000953674316,2.7200000286102295,2.630000114440918,2.680000066757202,141200,0,0.0
2021-04-21,2.700000047683716,2.8399999141693115,2.6700000762939453,2.7899999618530273,68800,0,0.0
2021-04-22,2.7699999809265137,2.8299999237060547,2.740000009536743,2.7899999618530273,53200,0,0.0
2021-04-23,2.7799999713897705,2.819999933242798,2.75,2.7799999713897705,103100,0,0.0
2021-04-26,2.799999952316284,2.890000104904175,2.799999952316284,2.8499999046325684,86400,0,0.0
2021-04-27,2.9600000381469727,2.9600000381469727,2.8299999237060547,2.9100000858306885,136500,0,0.0
2021-04-28,2.890000104904175,2.9000000953674316,2.8399999141693115,2.8499999046325684,30200,0,0.0
2021-04-29,2.8499999046325684,2.859999895095825,2.7799999713897705,2.7899999618530273,36500,0,0.0
2021-04-30,2.809999942779541,2.8399999141693115,2.759999990463257,2.7899999618530273,30100,0,0.0
2021-05-03,2.7699999809265137,2.819999933242798,2.75,2.799999952316284,95200,0,0.0
2021-05-04,2.7699999809265137,2.7899999618530273,2.6600000858306885,2.75,97800,0,0.0
2021-05-05,2.700000047683716,2.7699999809265137,2.6500000953674316,2.680000066757202,98100,0,0.0
2021-05-06,2.690000057220459,2.7200000286102295,2.5799999237060547,2.609999895095825,53000,0,0.0
2021-05-07,2.609999895095825,2.680000066757202,2.549999952316284,2.6600000858306885,143000,0,0.0
2021-05-10,2.6600000858306885,2.869999885559082,2.609999895095825,2.7899999618530273,112600,0,0.0
2021-05-11,2.680000066757202,2.7699999809265137,2.630000114440918,2.6600000858306885,119100,0,0.0
2021-05-12,2.6500000953674316,2.690000057220459,2.299999952316284,2.309999942779541,285800,0,0.0
2021-05-13,2.299999952316284,2.4100000858306885,2.240000009536743,2.25,98400,0,0.0
2021-05-14,2.2899999618530273,2.4200000762939453,2.2799999713897705,2.3299999237060547,68700,0,0.0
2021-05-17,2.3499999046325684,2.359999895095825,2.25,2.3399999141693115,78900,0,0.0
2021-05-18,2.380000114440918,2.390000104904175,2.299999952316284,2.3299999237060547,106200,0,0.0
2021-05-19,2.259999990463257,2.3399999141693115,2.2300000190734863,2.2699999809265137,105600,0,0.0
2021-05-20,2.2699999809265137,2.3299999237060547,2.25,2.2899999618530273,48200,0,0.0
2021-05-21,2.2799999713897705,2.369999885559082,2.2799999713897705,2.319999933242798,52500,0,0.0
2021-05-24,2.319999933242798,2.390000104904175,2.299999952316284,2.319999933242798,55800,0,0.0
2021-05-25,2.299999952316284,2.380000114440918,2.2699999809265137,2.309999942779541,78600,0,0.0
2021-05-26,2.369999885559082,2.369999885559082,2.2200000286102295,2.2300000190734863,184300,0,0.0
2021-05-27,2.259999990463257,2.3299999237060547,2.200000047683716,2.3299999237060547,105200,0,0.0
2021-05-28,2.359999895095825,2.450000047683716,2.309999942779541,2.430000066757202,112000,0,0.0
2021-06-01,2.450000047683716,2.4700000286102295,2.3499999046325684,2.380000114440918,80700,0,0.0
2021-06-02,2.380000114440918,2.5,2.380000114440918,2.450000047683716,72700,0,0.0
2021-06-03,2.450000047683716,2.4800000190734863,2.3499999046325684,2.380000114440918,87000,0,0.0
2021-06-04,2.369999885559082,2.4000000953674316,2.2899999618530273,2.3299999237060547,106800,0,0.0
2021-06-07,2.359999895095825,2.4600000381469727,2.3299999237060547,2.4200000762939453,110700,0,0.0
2021-06-08,2.4000000953674316,2.440000057220459,2.369999885559082,2.440000057220459,92000,0,0.0
2021-06-09,2.4200000762939453,2.450000047683716,2.4100000858306885,2.440000057220459,53800,0,0.0
2021-06-10,2.430000066757202,2.4600000381469727,2.380000114440918,2.4200000762939453,66100,0,0.0
2021-06-11,2.390000104904175,2.440000057220459,2.359999895095825,2.390000104904175,86500,0,0.0
2021-06-14,2.390000104904175,2.4100000858306885,2.3399999141693115,2.369999885559082,44200,0,0.0
2021-06-15,2.359999895095825,2.359999895095825,2.299999952316284,2.3399999141693115,62900,0,0.0
2021-06-16,2.319999933242798,2.380000114440918,2.319999933242798,2.369999885559082,26900,0,0.0
2021-06-17,2.3499999046325684,2.4100000858306885,2.3499999046325684,2.390000104904175,38200,0,0.0
2021-06-18,2.3399999141693115,2.390000104904175,2.309999942779541,2.390000104904175,48600,0,0.0
2021-06-21,2.359999895095825,2.380000114440918,2.299999952316284,2.319999933242798,71900,0,0.0
2021-06-22,2.3299999237060547,2.380000114440918,2.299999952316284,2.319999933242798,75600,0,0.0
2021-06-23,2.309999942779541,2.3399999141693115,2.1700000762939453,2.2300000190734863,138000,0,0.0
2021-06-24,2.2300000190734863,2.25,2.190000057220459,2.2100000381469727,89800,0,0.0
2021-06-25,2.2100000381469727,2.2300000190734863,2.1700000762939453,2.2100000381469727,109900,0,0.0
2021-06-28,2.190000057220459,2.2100000381469727,2.1600000858306885,2.1700000762939453,71000,0,0.0
2021-06-29,2.1700000762939453,2.200000047683716,2.109999895095825,2.119999885559082,100600,0,0.0
2021-06-30,2.119999885559082,2.190000057220459,2.049999952316284,2.180000066757202,159800,0,0.0
2021-07-01,2.180000066757202,2.190000057220459,2.119999885559082,2.1600000858306885,54000,0,0.0
2021-07-02,2.1500000953674316,2.180000066757202,2.0299999713897705,2.0999999046325684,74700,0,0.0
2021-07-06,2.0799999237060547,2.119999885559082,2.0,2.0399999618530273,132400,0,0.0
2021-07-07,2.069999933242798,2.0999999046325684,2.0,2.0899999141693115,80000,0,0.0
2021-07-08,2.0799999237060547,2.140000104904175,2.049999952316284,2.0899999141693115,89100,0,0.0
2021-07-09,2.069999933242798,2.180000066757202,2.069999933242798,2.1600000858306885,53400,0,0.0
2021-07-12,2.180000066757202,2.180000066757202,2.0799999237060547,2.0899999141693115,63000,0,0.0
2021-07-13,2.1700000762939453,2.180000066757202,2.059999942779541,2.130000114440918,52500,0,0.0
2021-07-14,2.1500000953674316,2.1600000858306885,2.049999952316284,2.0799999237060547,429200,0,0.0
2021-07-15,1.6699999570846558,1.690000057220459,1.440000057220459,1.4800000190734863,5463600,0,0.0
2021-07-16,1.4600000381469727,1.559999942779541,1.340000033378601,1.3799999952316284,4654600,0,0.0
2021-07-19,1.3799999952316284,1.399999976158142,1.309999942779541,1.350000023841858,1247300,0,0.0
2021-07-20,1.3600000143051147,1.5399999618530273,1.3200000524520874,1.399999976158142,1927300,0,0.0
2021-07-21,1.4800000190734863,1.5199999809265137,1.3799999952316284,1.399999976158142,1014900,0,0.0
2021-07-22,1.409999966621399,1.4500000476837158,1.350000023841858,1.3799999952316284,537000,0,0.0
2021-07-23,1.5,1.8899999856948853,1.3799999952316284,1.6299999952316284,16587200,0,0.0
2021-07-26,2.2699999809265137,2.4100000858306885,1.8899999856948853,2.049999952316284,61521600,0,0.0
2021-07-27,1.850000023841858,1.899999976158142,1.6799999475479126,1.7999999523162842,6435300,0,0.0
2021-07-28,1.7699999809265137,1.840000033378601,1.7400000095367432,1.7400000095367432,1724600,0,0.0
2021-07-29,1.75,1.7999999523162842,1.7000000476837158,1.7400000095367432,967900,0,0.0
2021-07-30,1.7400000095367432,1.7899999618530273,1.649999976158142,1.7899999618530273,825700,0,0.0
2021-08-02,1.7599999904632568,1.7699999809265137,1.659999966621399,1.7200000286102295,844000,0,0.0
2021-08-03,1.7200000286102295,1.7200000286102295,1.590000033378601,1.6100000143051147,1311100,0,0.0
2021-08-04,1.5800000429153442,1.7300000190734863,1.5099999904632568,1.6799999475479126,1222500,0,0.0
2021-08-05,1.659999966621399,1.7899999618530273,1.6100000143051147,1.75,728300,0,0.0
2021-08-06,1.7400000095367432,1.75,1.649999976158142,1.7200000286102295,457000,0,0.0
2021-08-09,1.690000057220459,1.7000000476837158,1.6699999570846558,1.6799999475479126,560900,0,0.0
2021-08-10,2.200000047683716,2.4000000953674316,1.809999942779541,1.8300000429153442,76395300,0,0.0
2021-08-11,1.7000000476837158,1.8300000429153442,1.5800000429153442,1.6200000047683716,8378900,0,0.0
2021-08-12,1.590000033378601,1.7200000286102295,1.5099999904632568,1.649999976158142,3318100,0,0.0
2021-08-13,1.6299999952316284,1.6399999856948853,1.559999942779541,1.6200000047683716,965100,0,0.0
2021-08-16,1.5800000429153442,1.5800000429153442,1.5099999904632568,1.5199999809265137,790700,0,0.0
2021-08-17,1.5099999904632568,1.5499999523162842,1.440000057220459,1.5399999618530273,977000,0,0.0
2021-08-18,1.5399999618530273,1.6399999856948853,1.4800000190734863,1.559999942779541,883700,0,0.0
2021-08-19,1.5199999809265137,1.559999942779541,1.4900000095367432,1.5,487300,0,0.0
2021-08-20,1.4700000286102295,1.600000023841858,1.4700000286102295,1.600000023841858,752300,0,0.0
2021-08-23,1.5700000524520874,1.6799999475479126,1.5700000524520874,1.6299999952316284,654400,0,0.0
2021-08-24,1.649999976158142,1.7300000190734863,1.600000023841858,1.6699999570846558,638300,0,0.0
2021-08-25,1.6299999952316284,1.7699999809265137,1.6100000143051147,1.690000057220459,535600,0,0.0
2021-08-26,1.7100000381469727,1.7599999904632568,1.6399999856948853,1.649999976158142,316600,0,0.0
2021-08-27,1.6799999475479126,1.7200000286102295,1.6299999952316284,1.649999976158142,433500,0,0.0
2021-08-30,1.6299999952316284,1.7100000381469727,1.600000023841858,1.7000000476837158,616300,0,0.0
2021-08-31,1.7000000476837158,1.7999999523162842,1.6799999475479126,1.7699999809265137,659900,0,0.0
2021-09-01,1.809999942779541,1.8200000524520874,1.690000057220459,1.7200000286102295,641400,0,0.0
2021-09-02,1.690000057220459,1.809999942779541,1.690000057220459,1.7599999904632568,522800,0,0.0
2021-09-03,1.7599999904632568,1.7799999713897705,1.6799999475479126,1.7699999809265137,421800,0,0.0
2021-09-07,1.7400000095367432,1.809999942779541,1.7400000095367432,1.7799999713897705,282500,0,0.0
2021-09-08,1.7599999904632568,1.809999942779541,1.7100000381469727,1.7799999713897705,314100,0,0.0
2021-09-09,1.7699999809265137,1.809999942779541,1.7300000190734863,1.7300000190734863,222700,0,0.0
2021-09-10,1.7599999904632568,1.7699999809265137,1.6799999475479126,1.7599999904632568,239100,0,0.0
2021-09-13,1.75,1.7799999713897705,1.7000000476837158,1.7300000190734863,263900,0,0.0
2021-09-14,1.75,1.7699999809265137,1.6299999952316284,1.6799999475479126,453000,0,0.0
2021-09-15,1.659999966621399,1.7999999523162842,1.6399999856948853,1.7599999904632568,376000,0,0.0
2021-09-16,1.7400000095367432,1.7599999904632568,1.7000000476837158,1.7400000095367432,116400,0,0.0
2021-09-17,1.75,1.7599999904632568,1.7000000476837158,1.7400000095367432,209500,0,0.0
2021-09-20,1.6799999475479126,1.7000000476837158,1.6299999952316284,1.6399999856948853,313300,0,0.0
2021-09-21,1.6399999856948853,1.7200000286102295,1.6299999952316284,1.690000057220459,140500,0,0.0
2021-09-22,1.7300000190734863,1.7699999809265137,1.6799999475479126,1.75,379600,0,0.0
2021-09-23,1.7400000095367432,1.7599999904632568,1.7000000476837158,1.7100000381469727,314000,0,0.0
2021-09-24,1.690000057220459,1.7799999713897705,1.690000057220459,1.7200000286102295,242000,0,0.0
2021-09-27,1.7200000286102295,1.7699999809265137,1.6799999475479126,1.7400000095367432,184100,0,0.0
2021-09-28,1.7300000190734863,1.7300000190734863,1.6799999475479126,1.690000057220459,164200,0,0.0
2021-09-29,1.7100000381469727,1.7300000190734863,1.659999966621399,1.6799999475479126,260300,0,0.0
2021-09-30,1.6699999570846558,1.6799999475479126,1.6200000047683716,1.659999966621399,336200,0,0.0
2021-10-01,1.6799999475479126,1.7300000190734863,1.6299999952316284,1.7100000381469727,343500,0,0.0
2021-10-04,1.6699999570846558,1.6799999475479126,1.600000023841858,1.6299999952316284,388400,0,0.0
2021-10-05,1.6200000047683716,1.6699999570846558,1.6200000047683716,1.649999976158142,144600,0,0.0
2021-10-06,1.6100000143051147,1.6399999856948853,1.600000023841858,1.6200000047683716,237600,0,0.0
2021-10-07,1.6299999952316284,1.659999966621399,1.600000023841858,1.600000023841858,133900,0,0.0
2021-10-08,1.6100000143051147,1.6299999952316284,1.5499999523162842,1.5700000524520874,177000,0,0.0
2021-10-11,1.5499999523162842,1.5800000429153442,1.5399999618530273,1.559999942779541,103300,0,0.0
2021-10-12,1.5399999618530273,1.6399999856948853,1.5399999618530273,1.6100000143051147,181200,0,0.0
2021-10-13,1.5800000429153442,1.6799999475479126,1.5700000524520874,1.6200000047683716,198200,0,0.0
2021-10-14,1.6100000143051147,1.6399999856948853,1.590000033378601,1.6200000047683716,221300,0,0.0
2021-10-15,1.6200000047683716,1.6299999952316284,1.5700000524520874,1.590000033378601,210800,0,0.0
2021-10-18,1.559999942779541,1.600000023841858,1.5199999809265137,1.5199999809265137,217900,0,0.0
2021-10-19,1.5499999523162842,1.600000023841858,1.5299999713897705,1.5800000429153442,200500,0,0.0
2021-10-20,1.5800000429153442,1.6200000047683716,1.5499999523162842,1.5700000524520874,200900,0,0.0
2021-10-21,1.559999942779541,1.5800000429153442,1.5299999713897705,1.5399999618530273,188000,0,0.0
2021-10-22,1.5199999809265137,1.5499999523162842,1.5,1.5099999904632568,190900,0,0.0
2021-10-25,1.5,1.5700000524520874,1.4600000381469727,1.559999942779541,284400,0,0.0
2021-10-26,1.5399999618530273,1.600000023841858,1.5099999904632568,1.5700000524520874,110500,0,0.0
2021-10-27,1.5099999904632568,1.6100000143051147,1.5099999904632568,1.559999942779541,119600,0,0.0
2021-10-28,1.5399999618530273,1.690000057220459,1.5099999904632568,1.6299999952316284,792000,0,0.0
2021-10-29,1.6200000047683716,1.6399999856948853,1.590000033378601,1.6399999856948853,162300,0,0.0
2021-11-01,1.649999976158142,1.6699999570846558,1.590000033378601,1.590000033378601,179800,0,0.0
2021-11-02,1.5800000429153442,1.6799999475479126,1.5800000429153442,1.659999966621399,265700,0,0.0
2021-11-03,1.659999966621399,1.6699999570846558,1.6100000143051147,1.6200000047683716,130900,0,0.0
2021-11-04,1.6200000047683716,1.6699999570846558,1.6100000143051147,1.6299999952316284,138100,0,0.0
2021-11-05,1.6299999952316284,1.6799999475479126,1.6100000143051147,1.649999976158142,243600,0,0.0
2021-11-08,1.6399999856948853,1.6399999856948853,1.590000033378601,1.6100000143051147,224900,0,0.0
2021-11-09,1.6200000047683716,1.6200000047683716,1.5399999618530273,1.5499999523162842,236900,0,0.0
2021-11-10,1.559999942779541,1.649999976158142,1.5099999904632568,1.5499999523162842,480200,0,0.0
2021-11-11,1.5499999523162842,1.6100000143051147,1.5099999904632568,1.5299999713897705,210800,0,0.0
2021-11-12,1.5,1.559999942779541,1.4900000095367432,1.5499999523162842,347500,0,0.0
2021-11-15,1.5499999523162842,1.5499999523162842,1.4900000095367432,1.4900000095367432,321700,0,0.0
2021-11-16,1.4800000190734863,1.4800000190734863,1.409999966621399,1.4700000286102295,330000,0,0.0
2021-11-17,1.4500000476837158,1.7699999809265137,1.440000057220459,1.7300000190734863,3010700,0,0.0
2021-11-18,1.8600000143051147,1.909999966621399,1.7000000476837158,1.7200000286102295,3150300,0,0.0
2021-11-19,1.7799999713897705,1.8700000047683716,1.7200000286102295,1.7799999713897705,1795100,0,0.0
2021-11-22,1.809999942779541,1.8200000524520874,1.600000023841858,1.6299999952316284,1028100,0,0.0
2021-11-23,1.600000023841858,1.690000057220459,1.600000023841858,1.6399999856948853,498300,0,0.0
2021-11-24,1.6399999856948853,1.690000057220459,1.600000023841858,1.6699999570846558,435100,0,0.0
2021-11-26,1.6299999952316284,1.6399999856948853,1.559999942779541,1.600000023841858,381800,0,0.0
2021-11-29,1.6200000047683716,1.6299999952316284,1.5099999904632568,1.5499999523162842,460300,0,0.0
2021-11-30,1.559999942779541,1.590000033378601,1.4199999570846558,1.5099999904632568,876800,0,0.0
2021-12-01,1.5199999809265137,1.5199999809265137,1.3600000143051147,1.3799999952316284,725500,0,0.0
2021-12-02,1.350000023841858,1.5,1.350000023841858,1.4900000095367432,428300,0,0.0
2021-12-03,1.4700000286102295,1.5,1.350000023841858,1.3700000047683716,453000,0,0.0
2021-12-06,1.409999966621399,1.4299999475479126,1.3300000429153442,1.399999976158142,463300,0,0.0
2021-12-07,1.440000057220459,1.4700000286102295,1.3700000047683716,1.409999966621399,244100,0,0.0
2021-12-08,1.4299999475479126,1.600000023841858,1.409999966621399,1.5800000429153442,414300,0,0.0
2021-12-09,1.590000033378601,1.600000023841858,1.399999976158142,1.4199999570846558,617900,0,0.0
2021-12-10,1.4199999570846558,1.4600000381469727,1.399999976158142,1.4199999570846558,109400,0,0.0
2021-12-13,1.399999976158142,1.409999966621399,1.3300000429153442,1.3600000143051147,208200,0,0.0
2021-12-14,1.350000023841858,1.3799999952316284,1.3200000524520874,1.3799999952316284,208800,0,0.0
2021-12-15,1.399999976158142,1.399999976158142,1.25,1.3899999856948853,395400,0,0.0
2021-12-16,1.3799999952316284,1.3799999952316284,1.2799999713897705,1.3200000524520874,197200,0,0.0
2021-12-17,1.2899999618530273,1.3200000524520874,1.2599999904632568,1.2799999713897705,281600,0,0.0
2021-12-20,1.2599999904632568,1.2999999523162842,1.2300000190734863,1.2799999713897705,235200,0,0.0
2021-12-21,1.2899999618530273,1.4600000381469727,1.2799999713897705,1.440000057220459,712300,0,0.0
2021-12-22,1.409999966621399,1.440000057220459,1.3200000524520874,1.3200000524520874,218000,0,0.0
2021-12-23,1.309999942779541,1.3700000047683716,1.2899999618530273,1.2999999523162842,190200,0,0.0
2021-12-27,1.2899999618530273,1.2999999523162842,1.2100000381469727,1.2599999904632568,441800,0,0.0
2021-12-28,1.2400000095367432,1.2899999618530273,1.2100000381469727,1.2400000095367432,288200,0,0.0
2021-12-29,1.2799999713897705,1.2899999618530273,1.2000000476837158,1.2200000286102295,338200,0,0.0
2021-12-30,1.2000000476837158,1.25,1.190000057220459,1.2300000190734863,389400,0,0.0
2021-12-31,1.2100000381469727,1.25,1.190000057220459,1.2200000286102295,315700,0,0.0
2022-01-03,1.2200000286102295,1.350000023841858,1.2000000476837158,1.2799999713897705,286500,0,0.0
2022-01-04,1.2599999904632568,1.2999999523162842,1.2100000381469727,1.2899999618530273,197100,0,0.0
2022-01-05,1.2899999618530273,1.3200000524520874,1.2599999904632568,1.2799999713897705,144200,0,0.0
2022-01-06,1.2999999523162842,1.3200000524520874,1.2200000286102295,1.3200000524520874,147400,0,0.0
2022-01-07,1.2799999713897705,1.3799999952316284,1.2799999713897705,1.3300000429153442,271000,0,0.0
2022-01-10,1.3200000524520874,1.340000033378601,1.2799999713897705,1.340000033378601,146900,0,0.0
2022-01-11,1.3200000524520874,1.3700000047683716,1.2599999904632568,1.2599999904632568,215300,0,0.0
2022-01-12,1.2899999618530273,1.3200000524520874,1.2400000095367432,1.2699999809265137,210800,0,0.0
2022-01-13,1.2899999618530273,1.2899999618530273,1.2000000476837158,1.2200000286102295,144500,0,0.0
2022-01-14,1.2100000381469727,1.25,1.190000057220459,1.2200000286102295,144400,0,0.0
2022-01-18,1.2100000381469727,1.2899999618530273,1.190000057220459,1.2799999713897705,210500,0,0.0
2022-01-19,1.2899999618530273,1.2899999618530273,1.2000000476837158,1.2300000190734863,127600,0,0.0
2022-01-20,1.25,1.2599999904632568,1.2100000381469727,1.2300000190734863,88200,0,0.0
2022-01-21,1.2200000286102295,1.2200000286102295,1.149999976158142,1.2000000476837158,173400,0,0.0
2022-01-24,1.100000023841858,1.1799999475479126,1.0800000429153442,1.1200000047683716,267200,0,0.0
2022-01-25,1.100000023841858,1.1699999570846558,1.090000033378601,1.1699999570846558,259900,0,0.0
2022-01-26,1.1699999570846558,1.1699999570846558,1.1100000143051147,1.159999966621399,166300,0,0.0
2022-01-27,1.159999966621399,1.159999966621399,1.0800000429153442,1.0800000429153442,245600,0,0.0
2022-01-28,1.0499999523162842,1.159999966621399,1.0499999523162842,1.090000033378601,227800,0,0.0
2022-01-31,1.149999976158142,1.159999966621399,1.090000033378601,1.149999976158142,193300,0,0.0
2022-02-01,1.1299999952316284,1.190000057220459,1.1299999952316284,1.159999966621399,155700,0,0.0
2022-02-02,1.159999966621399,1.1799999475479126,1.1100000143051147,1.1399999856948853,151800,0,0.0
2022-02-03,1.100000023841858,1.149999976158142,1.0700000524520874,1.0700000524520874,84700,0,0.0
2022-02-04,1.0700000524520874,1.1799999475479126,1.0700000524520874,1.1799999475479126,172400,0,0.0
2022-02-07,1.25,1.2799999713897705,1.190000057220459,1.2699999809265137,118400,0,0.0
2022-02-08,1.2599999904632568,1.3450000286102295,1.2599999904632568,1.3450000286102295,67590,0,0.0
