Date,Open,High,Low,Close,Volume,Dividends,Stock Splits
2017-02-08,9.899999618530273,9.899999618530273,9.899999618530273,9.899999618530273,0,0,0
2017-02-15,9.90999984741211,9.90999984741211,9.90999984741211,9.90999984741211,100,0,0
2017-02-16,9.899999618530273,9.899999618530273,9.899999618530273,9.899999618530273,1000,0,0
2017-02-17,9.949999809265137,9.949999809265137,9.949999809265137,9.949999809265137,100,0,0
2017-02-21,9.949999809265137,9.949999809265137,9.949999809265137,9.949999809265137,0,0,0
2017-02-22,9.90999984741211,9.90999984741211,9.90999984741211,9.90999984741211,2100,0,0
2017-02-23,9.90999984741211,9.90999984741211,9.90999984741211,9.90999984741211,0,0,0
2017-03-01,9.90999984741211,9.90999984741211,9.899999618530273,9.899999618530273,800,0,0
2017-03-08,9.949999809265137,9.949999809265137,9.90999984741211,9.90999984741211,700100,0,0
2017-03-15,9.920000076293945,9.920000076293945,9.920000076293945,9.920000076293945,200,0,0
2017-03-16,9.920000076293945,9.920000076293945,9.920000076293945,9.920000076293945,0,0,0
2017-03-20,9.90999984741211,9.920000076293945,9.899999618530273,9.899999618530273,70500,0,0
2017-03-21,9.859999656677246,9.890000343322754,9.859999656677246,9.859999656677246,700,0,0
2017-03-22,9.859999656677246,9.859999656677246,9.859999656677246,9.859999656677246,0,0,0
2017-03-24,9.880000114440918,9.880000114440918,9.880000114440918,9.880000114440918,50000,0,0
2017-03-27,9.880000114440918,9.880000114440918,9.880000114440918,9.880000114440918,20000,0,0
2017-03-28,9.920000076293945,9.920000076293945,9.920000076293945,9.920000076293945,100,0,0
2017-03-29,9.880000114440918,9.880000114440918,9.880000114440918,9.880000114440918,25000,0,0
2017-03-30,9.880000114440918,9.880000114440918,9.880000114440918,9.880000114440918,0,0,0
2017-04-05,9.850000381469727,9.859999656677246,9.850000381469727,9.850000381469727,60200,0,0
2017-04-06,9.850000381469727,9.850000381469727,9.850000381469727,9.850000381469727,0,0,0
2017-04-10,9.819999694824219,9.890000343322754,9.819999694824219,9.890000343322754,12200,0,0
2017-04-11,9.890000343322754,9.890000343322754,9.890000343322754,9.890000343322754,0,0,0
2017-04-19,9.880000114440918,9.880000114440918,9.800000190734863,9.800000190734863,15400,0,0
2017-04-20,9.800000190734863,9.800000190734863,9.800000190734863,9.800000190734863,0,0,0
2017-04-25,9.800000190734863,9.800000190734863,9.800000190734863,9.800000190734863,1490000,0,0
2017-04-26,9.869999885559082,9.880000114440918,9.869999885559082,9.880000114440918,300,0,0
2017-05-03,9.800000190734863,9.800000190734863,9.800000190734863,9.800000190734863,100,0,0
2017-05-08,9.800000190734863,9.8100004196167,9.800000190734863,9.800000190734863,41400,0,0
2017-05-09,9.800000190734863,9.800000190734863,9.800000190734863,9.800000190734863,1000,0,0
2017-05-11,9.829000473022461,9.829000473022461,9.829000473022461,9.829000473022461,1200,0,0
2017-05-12,9.800000190734863,9.800000190734863,9.800000190734863,9.800000190734863,500,0,0
2017-05-17,9.800000190734863,9.800000190734863,9.800000190734863,9.800000190734863,1900,0,0
2017-05-18,9.800000190734863,9.800000190734863,9.800000190734863,9.800000190734863,800,0,0
2017-05-25,9.890000343322754,9.890000343322754,9.890000343322754,9.890000343322754,100,0,0
2017-05-31,9.859999656677246,9.869999885559082,9.859999656677246,9.869999885559082,500,0,0
2017-06-01,9.84000015258789,9.880000114440918,9.800000190734863,9.829999923706055,43800,0,0
2017-06-02,9.8100004196167,9.8100004196167,9.800000190734863,9.8100004196167,4800,0,0
2017-06-05,9.8100004196167,9.8100004196167,9.8100004196167,9.8100004196167,0,0,0
2017-06-06,9.850000381469727,9.850000381469727,9.850000381469727,9.850000381469727,29500,0,0
2017-06-08,9.84000015258789,9.880000114440918,9.84000015258789,9.880000114440918,8500,0,0
2017-06-12,9.84000015258789,9.84000015258789,9.84000015258789,9.84000015258789,200,0,0
2017-06-13,9.84000015258789,9.850000381469727,9.84000015258789,9.84000015258789,4900,0,0
2017-06-14,9.850000381469727,9.85099983215332,9.850000381469727,9.850000381469727,10500,0,0
2017-06-15,9.8100004196167,9.8100004196167,9.8100004196167,9.8100004196167,400,0,0
2017-06-26,9.800000190734863,9.800000190734863,9.789999961853027,9.789999961853027,3600,0,0
2017-06-27,9.789999961853027,9.789999961853027,9.789999961853027,9.789999961853027,0,0,0
2017-06-30,9.850000381469727,9.850000381469727,9.850000381469727,9.850000381469727,1000,0,0
2017-07-03,9.84000015258789,9.850000381469727,9.84000015258789,9.850000381469727,900,0,0
2017-07-05,9.8100004196167,9.833999633789062,9.800000190734863,9.829999923706055,11400,0,0
2017-07-06,9.800000190734863,9.800000190734863,9.800000190734863,9.800000190734863,1200,0,0
2017-07-07,9.8100004196167,9.84000015258789,9.8100004196167,9.819999694824219,55700,0,0
2017-07-10,9.819999694824219,9.819999694824219,9.819999694824219,9.819999694824219,0,0,0
2017-07-12,9.819999694824219,9.850000381469727,9.819999694824219,9.850000381469727,110100,0,0
2017-07-14,9.850000381469727,9.850000381469727,9.800000190734863,9.800000190734863,16100,0,0
2017-07-17,9.800000190734863,9.819999694824219,9.779999732971191,9.819999694824219,192700,0,0
2017-07-18,9.84000015258789,9.899999618530273,9.84000015258789,9.899999618530273,14900,0,0
2017-07-19,9.890000343322754,9.899999618530273,9.890000343322754,9.899999618530273,700,0,0
2017-07-25,9.779999732971191,9.890000343322754,9.779999732971191,9.890000343322754,1100,0,0
2017-07-26,9.869999885559082,9.869999885559082,9.869999885559082,9.869999885559082,500,0,0
2017-07-27,9.819999694824219,9.890000343322754,9.819999694824219,9.890000343322754,1100,0,0
2017-07-31,9.850000381469727,9.869999885559082,9.850000381469727,9.869999885559082,300,0,0
2017-08-01,9.869999885559082,9.869999885559082,9.869999885559082,9.869999885559082,0,0,0
2017-08-08,9.880000114440918,9.880000114440918,9.880000114440918,9.880000114440918,700,0,0
2017-08-10,9.84000015258789,9.84000015258789,9.84000015258789,9.84000015258789,5000,0,0
2017-08-11,9.84000015258789,9.84000015258789,9.84000015258789,9.84000015258789,100,0,0
2017-08-14,9.829999923706055,9.84000015258789,9.829999923706055,9.84000015258789,4300,0,0
2017-08-15,9.84000015258789,9.850000381469727,9.84000015258789,9.850000381469727,2200,0,0
2017-08-21,10.050000190734863,10.050000190734863,9.979999542236328,9.979999542236328,855600,0,0
2017-08-22,9.989999771118164,9.989999771118164,9.949999809265137,9.979999542236328,70900,0,0
2017-08-23,9.989999771118164,10.029999732971191,9.989999771118164,10.0,1586300,0,0
2017-08-24,9.989999771118164,10.0,9.989999771118164,9.989999771118164,51300,0,0
2017-08-25,9.989999771118164,9.989999771118164,9.989999771118164,9.989999771118164,100,0,0
2017-08-28,10.0,10.0,9.989999771118164,9.989999771118164,2200,0,0
2017-08-29,9.989999771118164,10.0,9.970000267028809,9.979999542236328,107800,0,0
2017-08-30,9.979999542236328,9.979999542236328,9.979999542236328,9.979999542236328,10100,0,0
2017-08-31,9.979999542236328,9.979999542236328,9.979999542236328,9.979999542236328,300,0,0
2017-09-01,10.0,10.0,9.960000038146973,9.960000038146973,25400,0,0
2017-09-05,9.970000267028809,9.989999771118164,9.960000038146973,9.989999771118164,105600,0,0
2017-09-06,9.986000061035156,9.986000061035156,9.986000061035156,9.986000061035156,400,0,0
2017-09-07,9.986000061035156,9.986000061035156,9.986000061035156,9.986000061035156,0,0,0
2017-09-11,9.989999771118164,10.0,9.979999542236328,9.994999885559082,46200,0,0
2017-09-12,9.979999542236328,10.0,9.979999542236328,9.989999771118164,105700,0,0
2017-09-14,9.979999542236328,9.979999542236328,9.979999542236328,9.979999542236328,100,0,0
2017-09-15,9.979999542236328,9.979999542236328,9.979999542236328,9.979999542236328,0,0,0
2017-09-21,9.979999542236328,9.989999771118164,9.979999542236328,9.989999771118164,2000,0,0
2017-09-22,10.0,10.0,10.0,10.0,300,0,0
2017-09-25,10.0,10.0,10.0,10.0,1000,0,0
2017-09-26,10.0,10.0,10.0,10.0,0,0,0
2017-09-28,10.0,10.010000228881836,10.0,10.0,20700,0,0
2017-09-29,10.0,10.010000228881836,10.0,10.0,3600,0,0
2017-10-02,10.0,10.0,10.0,10.0,400,0,0
2017-10-03,10.0,10.0,10.0,10.0,5900,0,0
2017-10-04,10.0,10.0,10.0,10.0,31100,0,0
2017-10-05,10.0,10.0,10.0,10.0,11400,0,0
2017-10-10,10.010000228881836,10.010000228881836,9.979999542236328,9.979999542236328,134500,0,0
2017-10-11,9.989999771118164,9.991000175476074,9.989999771118164,9.991000175476074,5100,0,0
2017-10-12,9.991000175476074,9.991000175476074,9.991000175476074,9.991000175476074,0,0,0
2017-10-16,10.0,10.0,10.0,10.0,10100,0,0
2017-10-17,10.0,10.0,10.0,10.0,115600,0,0
2017-10-19,10.0,10.0,9.989999771118164,9.989999771118164,40200,0,0
2017-10-20,10.010000228881836,10.020000457763672,10.0,10.020000457763672,225200,0,0
2017-10-23,10.020000457763672,10.020000457763672,10.020000457763672,10.020000457763672,34500,0,0
2017-10-24,10.050000190734863,10.050000190734863,10.050000190734863,10.050000190734863,100,0,0
2017-10-25,9.991000175476074,9.991000175476074,9.989999771118164,9.989999771118164,4000,0,0
2017-10-26,10.010000228881836,10.010000228881836,9.989999771118164,9.989999771118164,75800,0,0
2017-10-27,9.989999771118164,9.989999771118164,9.989999771118164,9.989999771118164,0,0,0
2017-10-30,9.979999542236328,9.979999542236328,9.979999542236328,9.979999542236328,600,0,0
2017-10-31,9.979999542236328,9.979999542236328,9.979999542236328,9.979999542236328,1000,0,0
2017-11-02,9.970000267028809,9.970000267028809,9.970000267028809,9.970000267028809,1200,0,0
2017-11-03,9.970000267028809,9.989999771118164,9.949999809265137,9.970000267028809,31000,0,0
2017-11-06,9.970000267028809,9.970000267028809,9.970000267028809,9.970000267028809,0,0,0
2017-11-07,10.0,10.0,9.949999809265137,9.949999809265137,19500,0,0
2017-11-08,9.960000038146973,9.960000038146973,9.949999809265137,9.949999809265137,500,0,0
2017-11-15,9.979999542236328,10.0,9.960000038146973,9.960000038146973,61200,0,0
2017-11-16,9.960000038146973,9.960000038146973,9.960000038146973,9.960000038146973,600,0,0
2017-11-17,9.96500015258789,9.96500015258789,9.960000038146973,9.960000038146973,2100,0,0
2017-11-20,9.970000267028809,9.970000267028809,9.970000267028809,9.970000267028809,600,0,0
2017-11-21,9.989999771118164,10.0,9.949999809265137,9.989999771118164,22500,0,0
2017-11-28,9.949999809265137,10.020000457763672,9.279999732971191,9.949999809265137,257500,0,0
2017-11-29,9.819999694824219,9.9399995803833,9.8100004196167,9.920000076293945,2200,0,0
2017-12-01,9.829999923706055,9.84000015258789,9.829999923706055,9.829999923706055,1900,0,0
2017-12-04,9.829999923706055,9.850000381469727,9.829999923706055,9.850000381469727,42200,0,0
2017-12-05,9.829999923706055,9.850000381469727,9.829999923706055,9.829999923706055,59900,0,0
2017-12-06,9.989999771118164,9.989999771118164,9.850000381469727,9.880000114440918,400,0,0
2017-12-07,9.850000381469727,9.850000381469727,9.850000381469727,9.850000381469727,100,0,0
2017-12-08,9.970000267028809,9.979999542236328,9.970000267028809,9.979999542236328,200,0,0
2017-12-11,9.449999809265137,9.449999809265137,9.449999809265137,9.449999809265137,1300,0,0
2017-12-12,9.829999923706055,9.899999618530273,9.829999923706055,9.84000015258789,800,0,0
2017-12-13,9.84000015258789,9.84000015258789,9.84000015258789,9.84000015258789,0,0,0
2017-12-14,9.850000381469727,9.850000381469727,9.850000381469727,9.850000381469727,2019500,0,0
2017-12-15,9.850000381469727,9.850000381469727,9.829999923706055,9.829999923706055,293300,0,0
2017-12-18,9.829999923706055,9.829999923706055,9.829999923706055,9.829999923706055,0,0,0
2017-12-20,9.829999923706055,9.829999923706055,9.75,9.770000457763672,97800,0,0
2017-12-21,9.819999694824219,9.88700008392334,9.819999694824219,9.88700008392334,3200,0,0
2017-12-22,9.88700008392334,9.88700008392334,9.88700008392334,9.88700008392334,0,0,0
2017-12-28,9.890000343322754,9.899999618530273,9.553999900817871,9.739999771118164,46700,0,0
2017-12-29,9.880000114440918,9.920000076293945,9.800000190734863,9.920000076293945,8200,0,0
2018-01-02,9.890000343322754,9.90999984741211,9.890000343322754,9.90999984741211,6300,0,0
2018-01-03,9.890000343322754,9.9399995803833,9.890000343322754,9.9399995803833,2900,0,0
2018-01-04,9.9399995803833,9.9399995803833,9.9399995803833,9.9399995803833,0,0,0
2018-01-05,9.920000076293945,9.979999542236328,9.920000076293945,9.970000267028809,5800,0,0
2018-01-08,9.960000038146973,9.960000038146973,9.9399995803833,9.9399995803833,300,0,0
2018-01-10,9.970000267028809,9.970000267028809,9.970000267028809,9.970000267028809,1100,0,0
2018-01-11,9.979999542236328,9.979999542236328,9.923999786376953,9.979999542236328,1300,0,0
2018-01-12,9.979999542236328,9.979999542236328,9.970000267028809,9.979999542236328,53000,0,0
2018-01-16,9.979999542236328,10.0,9.899999618530273,9.899999618530273,78100,0,0
2018-01-17,9.949999809265137,9.989999771118164,9.899999618530273,9.899999618530273,10600,0,0
2018-01-18,9.899999618530273,10.010000228881836,9.899999618530273,9.90999984741211,1600,0,0
2018-01-19,9.970000267028809,9.970000267028809,9.920000076293945,9.920000076293945,200,0,0
2018-01-23,10.039999961853027,10.039999961853027,10.0,10.029999732971191,1200,0,0
2018-01-24,10.029999732971191,10.029999732971191,10.029999732971191,10.029999732971191,0,0,0
2018-01-25,10.0,10.069999694824219,10.0,10.069999694824219,408700,0,0
2018-01-26,10.020000457763672,10.039999961853027,10.010000228881836,10.039999961853027,58700,0,0
2018-01-29,10.010000228881836,10.039999961853027,10.010000228881836,10.039999961853027,1500,0,0
2018-01-30,10.020000457763672,10.020000457763672,9.949999809265137,9.949999809265137,31300,0,0
2018-02-02,9.930000305175781,10.039999961853027,9.930000305175781,10.039999961853027,400,0,0
2018-02-05,10.039999961853027,10.050000190734863,10.0,10.039999961853027,4300,0,0
2018-02-06,10.039999961853027,10.050000190734863,10.039999961853027,10.050000190734863,10200,0,0
2018-02-07,10.050000190734863,10.050000190734863,10.050000190734863,10.050000190734863,0,0,0
2018-02-08,10.010000228881836,10.050000190734863,10.0,10.039999961853027,127700,0,0
2018-02-09,10.0,10.0,9.960000038146973,9.960000038146973,20400,0,0
2018-02-12,9.890000343322754,9.899999618530273,9.890000343322754,9.899999618530273,500,0,0
2018-02-14,9.920999526977539,9.960000038146973,9.920000076293945,9.920000076293945,436500,0,0
2018-02-15,9.899999618530273,9.920000076293945,9.899999618530273,9.920000076293945,86500,0,0
2018-02-23,9.899999618530273,9.899999618530273,9.899999618530273,9.899999618530273,100,0,0
2018-02-27,9.890000343322754,9.890000343322754,9.880000114440918,9.890000343322754,2700400,0,0
2018-02-28,9.800000190734863,9.899999618530273,9.800000190734863,9.890000343322754,11900,0,0
2018-03-02,9.899999618530273,9.899999618530273,9.899999618530273,9.899999618530273,3200,0,0
2018-03-08,9.890000343322754,9.890000343322754,9.880000114440918,9.890000343322754,295300,0,0
2018-03-09,9.899999618530273,9.899999618530273,9.899999618530273,9.899999618530273,31000,0,0
2018-03-15,9.899999618530273,9.899999618530273,9.899999618530273,9.899999618530273,2600,0,0
2018-03-16,10.050000190734863,10.050000190734863,9.90999984741211,9.90999984741211,2200,0,0
2018-03-22,10.050000190734863,10.050000190734863,10.0,10.0,400,0,0
2018-03-27,10.050000190734863,10.050000190734863,9.899999618530273,10.0,2700,0,0
2018-04-10,9.989999771118164,9.989999771118164,9.989999771118164,9.989999771118164,300,0,0
2018-04-11,9.899999618530273,9.899999618530273,9.899999618530273,9.899999618530273,1700,0,0
2018-04-16,10.0,10.0,10.0,10.0,550000,0,0
2018-04-17,9.800000190734863,10.039999961853027,9.800000190734863,9.899999618530273,3700,0,0
2018-04-18,10.0,10.0,10.0,10.0,119700,0,0
2018-04-19,9.899999618530273,10.0,9.899999618530273,9.930000305175781,9000,0,0
2018-04-20,10.039999961853027,10.199999809265137,10.010000228881836,10.020000457763672,7000,0,0
2018-04-23,10.09000015258789,10.09000015258789,10.0,10.0,158700,0,0
2018-04-24,9.970999717712402,10.050000190734863,9.970999717712402,10.050000190734863,3500,0,0
2018-04-25,10.020000457763672,10.020000457763672,10.020000457763672,10.020000457763672,100,0,0
2018-04-26,10.020000457763672,10.020000457763672,10.020000457763672,10.020000457763672,0,0,0
2018-04-27,10.0,10.010000228881836,9.989999771118164,9.989999771118164,172400,0,0
2018-05-11,10.0,10.0,9.991999626159668,9.991999626159668,7000,0,0
2018-05-14,9.960000038146973,10.029999732971191,9.949999809265137,10.029999732971191,7100,0,0
2018-05-17,9.949999809265137,10.0,9.949999809265137,10.0,8500,0,0
2018-05-22,10.0,10.0,10.0,10.0,99900,0,0
2018-05-23,10.0,10.024999618530273,9.989999771118164,10.0,566700,0,0
2018-05-24,10.0,10.0,10.0,10.0,46500,0,0
2018-05-25,9.989999771118164,10.0,9.989999771118164,10.0,400,0,0
2018-05-29,10.0,10.015000343322754,10.0,10.015000343322754,4200,0,0
2018-05-30,10.0,10.0,10.0,10.0,25000,0,0
2018-06-04,10.010000228881836,10.020000457763672,10.0,10.020000457763672,800,0,0
2018-06-08,10.020000457763672,10.020000457763672,10.020000457763672,10.020000457763672,2000000,0,0
2018-06-11,10.050000190734863,10.050000190734863,10.020000457763672,10.020000457763672,7900,0,0
2018-06-12,10.020000457763672,10.020000457763672,10.020000457763672,10.020000457763672,700,0,0
2018-06-13,10.02299976348877,10.029999732971191,10.020000457763672,10.026000022888184,8000,0,0
2018-06-14,10.029999732971191,10.029999732971191,10.029999732971191,10.029999732971191,202100,0,0
2018-06-15,10.020000457763672,10.039999961853027,10.020000457763672,10.039999961853027,400,0,0
2018-06-18,10.050000190734863,10.050000190734863,10.039999961853027,10.050000190734863,54300,0,0
2018-06-19,10.079999923706055,10.079999923706055,10.079999923706055,10.079999923706055,100,0,0
2018-06-20,10.029999732971191,10.03499984741211,10.029999732971191,10.029999732971191,17200,0,0
2018-06-21,10.039999961853027,10.050000190734863,10.029999732971191,10.031000137329102,25700,0,0
2018-06-22,10.029999732971191,10.050000190734863,10.029999732971191,10.050000190734863,20600,0,0
2018-06-25,10.029999732971191,10.050000190734863,10.029999732971191,10.036999702453613,118500,0,0
2018-06-26,10.029999732971191,10.050000190734863,10.029999732971191,10.050000190734863,50600,0,0
2018-06-27,10.039999961853027,10.039999961853027,10.039999961853027,10.039999961853027,200,0,0
2018-06-28,10.039999961853027,10.039999961853027,10.020000457763672,10.029999732971191,969300,0,0
2018-07-02,9.949999809265137,10.010000228881836,9.949999809265137,10.010000228881836,1100,0,0
2018-07-03,10.029999732971191,10.050000190734863,10.029999732971191,10.039999961853027,112200,0,0
2018-07-05,10.039999961853027,10.050000190734863,10.039999961853027,10.039999961853027,1200,0,0
2018-07-06,10.050000190734863,10.050000190734863,10.050000190734863,10.050000190734863,94500,0,0
2018-07-09,10.050000190734863,10.050000190734863,10.050000190734863,10.050000190734863,100000,0,0
2018-07-10,10.0600004196167,10.0600004196167,10.050000190734863,10.050000190734863,600,0,0
2018-07-11,10.050000190734863,10.0600004196167,10.050000190734863,10.0600004196167,279500,0,0
2018-07-12,10.050000190734863,10.050000190734863,10.050000190734863,10.050000190734863,13600,0,0
2018-07-13,10.050000190734863,10.050000190734863,10.050000190734863,10.050000190734863,20300,0,0
2018-07-16,10.069999694824219,10.069999694824219,10.069999694824219,10.069999694824219,1000,0,0
2018-07-17,10.079999923706055,10.079999923706055,10.079999923706055,10.079999923706055,9000,0,0
2018-07-18,10.069999694824219,10.069999694824219,10.069999694824219,10.069999694824219,100,0,0
2018-07-19,10.0600004196167,10.0600004196167,10.0600004196167,10.0600004196167,300,0,0
2018-07-20,10.0600004196167,10.0600004196167,10.0600004196167,10.0600004196167,0,0,0
2018-07-26,10.050000190734863,10.09000015258789,10.050000190734863,10.069999694824219,2000,0,0
2018-07-27,10.050000190734863,10.050000190734863,10.050000190734863,10.050000190734863,2500,0,0
2018-07-31,10.09000015258789,10.100000381469727,10.09000015258789,10.100000381469727,1800,0,0
2018-08-01,10.100000381469727,10.100000381469727,10.100000381469727,10.100000381469727,14300,0,0
2018-08-02,10.100000381469727,10.100000381469727,10.100000381469727,10.100000381469727,4500,0,0
2018-08-03,10.100000381469727,10.100000381469727,10.100000381469727,10.100000381469727,0,0,0
2018-08-08,10.119999885559082,10.130000114440918,10.119999885559082,10.130000114440918,275800,0,0
2018-08-09,10.130000114440918,10.130000114440918,10.130000114440918,10.130000114440918,100,0,0
2018-08-10,10.180000305175781,10.180000305175781,10.119999885559082,10.119999885559082,87300,0,0
2018-08-13,10.119999885559082,10.119999885559082,10.119999885559082,10.119999885559082,0,0,0
2018-08-14,10.119999885559082,10.119999885559082,10.119999885559082,10.119999885559082,400,0,0
2018-08-15,10.119999885559082,10.130000114440918,10.100000381469727,10.119999885559082,201300,0,0
2018-08-17,10.140999794006348,10.15999984741211,10.107999801635742,10.107999801635742,5200,0,0
2018-08-20,10.100000381469727,10.100000381469727,10.062999725341797,10.079999923706055,1475700,0,0
2018-08-21,10.09000015258789,10.09000015258789,10.069999694824219,10.09000015258789,1442800,0,0
2018-08-22,10.100000381469727,10.100000381469727,10.079999923706055,10.100000381469727,197900,0,0
2018-08-23,10.09000015258789,10.100000381469727,10.09000015258789,10.100000381469727,75400,0,0
2018-08-24,10.09000015258789,10.100000381469727,10.09000015258789,10.100000381469727,71400,0,0
2018-08-27,10.109999656677246,10.130000114440918,10.100000381469727,10.100000381469727,36700,0,0
2018-08-28,10.100000381469727,10.109999656677246,10.09000015258789,10.100000381469727,6900,0,0
2018-08-29,10.100000381469727,10.140000343322754,10.100000381469727,10.109999656677246,421400,0,0
2018-08-30,10.109999656677246,10.109999656677246,10.109999656677246,10.109999656677246,0,0,0
2018-08-31,10.126999855041504,10.126999855041504,10.109999656677246,10.109999656677246,900,0,0
2018-09-06,10.147000312805176,10.147000312805176,10.100000381469727,10.109999656677246,68500,0,0
2018-09-10,10.130000114440918,10.130000114440918,10.109999656677246,10.130000114440918,20400,0,0
2018-09-11,10.399999618530273,10.399999618530273,10.100000381469727,10.100000381469727,1900,0,0
2018-09-12,10.109999656677246,10.109999656677246,10.09000015258789,10.100000381469727,32600,0,0
2018-09-13,10.149999618530273,10.149999618530273,10.149999618530273,10.149999618530273,100,0,0
2018-09-14,10.149999618530273,10.149999618530273,10.130000114440918,10.130000114440918,43300,0,0
2018-09-17,10.13700008392334,10.140000343322754,10.13700008392334,10.13700008392334,3100,0,0
2018-09-18,10.149999618530273,10.149999618530273,10.119999885559082,10.119999885559082,10300,0,0
2018-09-24,10.199999809265137,10.199999809265137,10.119999885559082,10.140000343322754,45400,0,0
2018-09-25,10.140000343322754,10.140000343322754,10.140000343322754,10.140000343322754,0,0,0
2018-09-26,10.119999885559082,10.119999885559082,10.050000190734863,10.050000190734863,5500,0,0
2018-09-28,10.130000114440918,10.140000343322754,10.130000114440918,10.130000114440918,12500,0,0
2018-10-01,10.116999626159668,10.121000289916992,10.100000381469727,10.119999885559082,5400,0,0
2018-10-02,10.154000282287598,10.1899995803833,10.154000282287598,10.180000305175781,17800,0,0
2018-10-04,10.149999618530273,10.149999618530273,10.149999618530273,10.149999618530273,0,0,0
2018-10-05,10.140000343322754,10.229999542236328,10.100000381469727,10.149999618530273,31900,0,0
2018-10-08,10.260000228881836,10.270000457763672,10.25,10.260000228881836,5100,0,0
2018-10-09,10.100000381469727,10.149999618530273,10.079999923706055,10.079999923706055,19700,0,0
2018-10-10,9.99899959564209,10.050000190734863,9.989999771118164,10.050000190734863,2200,0,0
2018-10-11,10.010000228881836,10.010000228881836,9.90999984741211,10.0,21500,0,0
2018-10-12,10.09000015258789,10.097999572753906,10.0,10.09000015258789,97700,0,0
2018-10-15,10.09000015258789,10.100000381469727,10.0600004196167,10.0600004196167,7200,0,0
2018-10-18,9.949999809265137,9.949999809265137,9.800000190734863,9.800000190734863,4000,0,0
2018-10-22,9.543000221252441,9.600000381469727,9.467000007629395,9.600000381469727,4100,0,0
2018-10-23,9.600000381469727,9.600000381469727,9.600000381469727,9.600000381469727,0,0,0
2018-10-24,9.90999984741211,10.0,9.90999984741211,9.951000213623047,1300,0,0
2018-10-25,10.0,10.0,9.859999656677246,9.859999656677246,1300,0,0
2018-10-26,10.710000038146973,10.869999885559082,10.279999732971191,10.699999809265137,600,0,0
2018-10-29,10.395999908447266,10.496999740600586,10.395999908447266,10.470000267028809,500,0,0
2018-10-30,10.630000114440918,10.630000114440918,10.0,10.149999618530273,1800,0,0
2019-01-08,13.0,13.449999809265137,13.0,13.4399995803833,2000,0,0
2019-01-09,15.600000381469727,310.8999938964844,15.600000381469727,82.3499984741211,28200,0,0
2019-01-10,147.38999938964844,241.47000122070312,147.38999938964844,148.85000610351562,4300,0,0
2019-01-11,150.0,150.0,150.0,150.0,1800,0,0
2019-01-14,150.0,150.0,150.0,150.0,500,0,0
2019-01-16,137.0,137.0,137.0,137.0,300,0,0
2019-01-17,120.05999755859375,120.05999755859375,51.0,55.0,10500,0,0
2019-01-18,55.0,55.22999954223633,30.350000381469727,30.350000381469727,40200,0,0
2019-01-22,30.399999618530273,31.5,21.469999313354492,21.469999313354492,21600,0,0
2019-01-23,21.25,21.5,18.0,18.415000915527344,17000,0,0
2019-01-24,18.25,18.25,16.799999237060547,16.91699981689453,9300,0,0
2019-01-25,17.0,29.649999618530273,15.25,16.34000015258789,284100,0,0
2019-01-28,18.399999618530273,18.451000213623047,14.0,14.329999923706055,157600,0,0
2019-01-29,15.300000190734863,15.996000289916992,14.001999855041504,15.0,74400,0,0
2019-01-30,15.0,15.0,13.52400016784668,13.649999618530273,56300,0,0
2019-01-31,13.880000114440918,15.460000038146973,13.366999626159668,14.600000381469727,61600,0,0
2019-02-01,14.300000190734863,14.5,13.5,13.930999755859375,62700,0,0
2019-02-04,14.0,14.0,11.199999809265137,12.0,89600,0,0
2019-02-05,12.199999809265137,12.399999618530273,11.5,11.859999656677246,37000,0,0
2019-02-06,12.050000190734863,12.050000190734863,10.633000373840332,10.970000267028809,40200,0,0
2019-02-07,11.34000015258789,11.34000015258789,10.25,10.399999618530273,46300,0,0
2019-02-08,10.699999809265137,10.699999809265137,10.100000381469727,10.220000267028809,17100,0,0
2019-02-11,10.100000381469727,10.144000053405762,9.15999984741211,9.204999923706055,40100,0,0
2019-02-12,9.15999984741211,9.392000198364258,8.85099983215332,8.880000114440918,43500,0,0
2019-02-13,8.600000381469727,8.6899995803833,8.149999618530273,8.210000038146973,48400,0,0
2019-02-14,8.25,8.300000190734863,7.869999885559082,8.0,23800,0,0
2019-02-15,8.0,8.0,7.263999938964844,8.0,36100,0,0
2019-02-19,7.920000076293945,8.0,7.336999893188477,7.900000095367432,21300,0,0
2019-02-20,7.63100004196167,8.496999740600586,7.63100004196167,7.650000095367432,51000,0,0
2019-02-21,7.949999809265137,7.995999813079834,7.692999839782715,7.880000114440918,13500,0,0
2019-02-22,7.804999828338623,8.0,7.699999809265137,7.8420000076293945,19400,0,0
2019-02-25,7.840000152587891,7.840000152587891,7.03000020980835,7.5,44000,0,0
2019-02-26,7.5,7.5,7.050000190734863,7.050000190734863,18800,0,0
2019-02-27,7.10699987411499,7.300000190734863,7.085000038146973,7.199999809265137,20300,0,0
2019-02-28,7.230000019073486,7.263999938964844,7.099999904632568,7.159999847412109,9900,0,0
2019-03-01,7.300000190734863,7.811999797821045,7.099999904632568,7.329999923706055,60900,0,0
2019-03-04,7.690000057220459,8.409000396728516,7.260000228881836,7.559999942779541,94600,0,0
2019-03-05,7.53000020980835,7.710000038146973,6.28000020980835,7.070000171661377,56700,0,0
2019-03-06,7.480000019073486,7.650000095367432,7.0,7.639999866485596,48500,0,0
2019-03-07,7.949999809265137,8.0,7.159999847412109,7.449999809265137,51400,0,0
2019-03-08,7.538000106811523,7.75,7.203000068664551,7.380000114440918,67800,0,0
2019-03-11,7.5,12.225000381469727,7.0,10.1899995803833,1072300,0,0
2019-03-12,13.600000381469727,14.300000190734863,9.5,9.75,1797200,0,0
2019-03-13,9.710000038146973,9.880000114440918,8.65999984741211,9.5,611900,0,0
2019-03-14,9.380000114440918,10.399999618530273,9.0,9.520000457763672,306000,0,0
2019-03-15,10.260000228881836,10.5,9.289999961853027,9.40999984741211,686600,0,0
2019-03-18,9.649999618530273,10.0,9.25,9.5,134100,0,0
2019-03-19,9.399999618530273,9.4350004196167,8.569999694824219,9.130000114440918,200600,0,0
2019-03-20,8.779999732971191,9.34000015258789,8.619999885559082,9.34000015258789,130300,0,0
2019-03-21,9.399999618530273,9.449999809265137,8.701000213623047,9.399999618530273,65300,0,0
2019-03-22,9.199999809265137,9.390000343322754,8.579999923706055,8.90999984741211,68000,0,0
2019-03-25,8.890000343322754,8.890000343322754,8.079999923706055,8.170000076293945,61100,0,0
2019-03-26,8.180000305175781,8.600000381469727,8.100000381469727,8.359999656677246,53700,0,0
2019-03-27,8.369999885559082,8.600000381469727,7.5,8.15999984741211,111500,0,0
2019-03-28,8.050000190734863,8.15999984741211,7.5,7.53000020980835,55600,0,0
2019-03-29,7.610000133514404,7.735000133514404,7.25,7.5,55900,0,0
2019-04-01,7.579999923706055,8.029000282287598,7.36899995803833,7.710000038146973,65400,0,0
2019-04-02,7.840000152587891,8.020000457763672,7.552000045776367,7.800000190734863,16800,0,0
2019-04-03,7.849999904632568,8.970000267028809,7.800000190734863,8.369999885559082,92700,0,0
2019-04-04,8.270000457763672,8.420000076293945,7.867000102996826,8.069999694824219,19300,0,0
2019-04-05,8.0,8.069999694824219,7.875,7.960000038146973,32600,0,0
2019-04-08,7.929999828338623,8.541999816894531,7.813000202178955,7.920000076293945,12000,0,0
2019-04-09,7.920000076293945,9.0,7.920000076293945,8.6899995803833,59300,0,0
2019-04-10,9.140000343322754,9.140000343322754,8.010000228881836,8.319999694824219,57000,0,0
2019-04-11,8.729999542236328,8.729999542236328,8.343999862670898,8.5,35400,0,0
2019-04-12,9.029999732971191,9.029999732971191,8.260000228881836,8.430000305175781,26700,0,0
2019-04-15,8.390000343322754,8.460000038146973,8.050000190734863,8.100000381469727,27100,0,0
2019-04-16,8.100000381469727,8.270000457763672,7.840000152587891,7.900000095367432,38800,0,0
2019-04-17,8.199999809265137,8.199999809265137,7.776000022888184,7.829999923706055,40000,0,0
2019-04-18,8.0,8.0,7.619999885559082,7.809999942779541,32500,0,0
2019-04-22,7.699999809265137,7.730000019073486,7.5,7.5,62000,0,0
2019-04-23,7.510000228881836,7.639999866485596,7.110000133514404,7.130000114440918,59200,0,0
2019-04-24,7.159999847412109,7.329999923706055,7.059999942779541,7.059999942779541,44100,0,0
2019-04-25,7.059999942779541,7.125,6.830999851226807,6.989999771118164,45900,0,0
2019-04-26,7.039999961853027,7.090000152587891,6.920000076293945,7.0,35000,0,0
2019-04-29,7.0,7.099999904632568,6.949999809265137,6.980000019073486,86000,0,0
2019-04-30,7.0,7.079999923706055,6.920000076293945,6.980000019073486,67300,0,0
2019-05-01,7.320000171661377,7.320000171661377,6.960000038146973,7.050000190734863,51100,0,0
2019-05-02,7.130000114440918,8.050000190734863,7.079999923706055,7.889999866485596,96600,0,0
2019-05-03,7.849999904632568,7.879000186920166,7.300000190734863,7.5,61700,0,0
2019-05-06,7.53000020980835,7.699999809265137,7.420000076293945,7.449999809265137,35400,0,0
2019-05-07,7.449999809265137,7.590000152587891,7.070000171661377,7.070000171661377,33800,0,0
2019-05-08,7.090000152587891,7.25,7.0,7.0,33900,0,0
2019-05-09,6.920000076293945,7.400000095367432,6.630000114440918,7.019999980926514,107700,0,0
2019-05-10,7.090000152587891,7.295000076293945,6.761000156402588,7.010000228881836,75000,0,0
2019-05-13,6.900000095367432,7.050000190734863,6.800000190734863,6.989999771118164,58800,0,0
2019-05-14,6.96999979019165,7.130000114440918,6.849999904632568,7.0,42400,0,0
2019-05-15,6.940000057220459,7.197999954223633,6.889999866485596,7.090000152587891,34800,0,0
2019-05-16,7.090000152587891,7.195000171661377,6.920000076293945,6.989999771118164,25000,0,0
2019-05-17,6.949999809265137,7.169000148773193,6.760000228881836,6.96999979019165,52100,0,0
2019-05-20,6.96999979019165,7.015999794006348,6.860000133514404,6.860000133514404,17300,0,0
2019-05-21,6.860000133514404,7.239999771118164,6.860000133514404,7.130000114440918,54500,0,0
2019-05-22,7.139999866485596,7.25,7.0,7.079999923706055,19000,0,0
2019-05-23,7.150000095367432,7.150000095367432,6.900000095367432,7.130000114440918,49300,0,0
2019-05-24,7.139999866485596,7.25,6.71999979019165,6.909999847412109,32000,0,0
2019-05-28,6.900000095367432,7.090000152587891,6.849999904632568,7.079999923706055,57500,0,0
2019-05-29,6.96999979019165,7.0,6.894999980926514,6.940000057220459,15800,0,0
2019-05-30,6.929999828338623,7.099999904632568,6.929999828338623,7.099999904632568,24300,0,0
2019-05-31,7.039999961853027,7.190000057220459,6.639999866485596,6.75,40600,0,0
2019-06-03,6.699999809265137,6.980000019073486,6.650000095367432,6.789999961853027,32000,0,0
2019-06-04,6.860000133514404,6.860000133514404,6.380000114440918,6.579999923706055,54500,0,0
2019-06-05,6.659999847412109,6.869999885559082,6.599999904632568,6.690000057220459,25700,0,0
2019-06-06,6.699999809265137,7.25,6.639999866485596,7.150000095367432,44100,0,0
2019-06-07,7.010000228881836,7.510000228881836,6.89900016784668,7.070000171661377,28600,0,0
2019-06-10,7.119999885559082,7.400000095367432,7.079999923706055,7.300000190734863,36900,0,0
2019-06-11,7.369999885559082,7.5,7.28000020980835,7.309999942779541,117000,0,0
2019-06-12,7.460999965667725,7.460999965667725,7.260000228881836,7.300000190734863,42500,0,0
2019-06-13,7.150000095367432,7.449999809265137,7.131999969482422,7.269999980926514,28900,0,0
2019-06-14,6.931000232696533,7.400000095367432,6.931000232696533,7.329999923706055,25500,0,0
2019-06-17,7.28000020980835,7.489999771118164,7.230000019073486,7.400000095367432,31600,0,0
2019-06-18,7.409999847412109,7.460000038146973,7.159999847412109,7.349999904632568,20200,0,0
2019-06-19,7.369999885559082,7.460000038146973,7.369999885559082,7.389999866485596,22100,0,0
2019-06-20,7.480000019073486,7.570000171661377,7.179999828338623,7.179999828338623,105300,0,0
2019-06-21,7.380000114440918,7.380000114440918,6.989999771118164,7.139999866485596,32200,0,0
2019-06-24,7.039999961853027,7.309999942779541,7.000999927520752,7.210000038146973,22800,0,0
2019-06-25,7.21999979019165,7.400000095367432,7.150000095367432,7.340000152587891,10300,0,0
2019-06-26,7.28000020980835,7.349999904632568,7.085000038146973,7.349999904632568,27700,0,0
2019-06-27,7.289999961853027,7.480000019073486,7.210000038146973,7.429999828338623,33400,0,0
2019-06-28,7.369999885559082,7.889999866485596,7.265999794006348,7.599999904632568,1122100,0,0
2019-07-01,7.670000076293945,8.350000381469727,7.670000076293945,8.0,97400,0,0
2019-07-02,7.940000057220459,8.149999618530273,7.714000225067139,8.09000015258789,32500,0,0
2019-07-03,8.029999732971191,8.029999732971191,7.699999809265137,7.75,14100,0,0
2019-07-05,7.659999847412109,8.25,7.619999885559082,7.909999847412109,33800,0,0
2019-07-08,7.920000076293945,8.039999961853027,7.789999961853027,7.989999771118164,25000,0,0
2019-07-09,8.010000228881836,8.100000381469727,7.630000114440918,8.050000190734863,20700,0,0
2019-07-10,8.020000457763672,8.050000190734863,7.840000152587891,7.960000038146973,11100,0,0
2019-07-11,7.949999809265137,8.0,7.599999904632568,7.929999828338623,20300,0,0
2019-07-12,7.869999885559082,7.929999828338623,7.710000038146973,7.739999771118164,21400,0,0
2019-07-15,7.860000133514404,7.860000133514404,6.619999885559082,6.820000171661377,88600,0,0
2019-07-16,6.900000095367432,7.0229997634887695,6.300000190734863,6.309999942779541,72600,0,0
2019-07-17,6.769999980926514,6.769999980926514,6.300000190734863,6.400000095367432,52400,0,0
2019-07-18,6.360000133514404,6.460000038146973,6.079999923706055,6.199999809265137,17000,0,0
2019-07-19,6.150000095367432,6.309999942779541,6.099999904632568,6.150000095367432,24400,0,0
2019-07-22,6.110000133514404,6.179999828338623,5.829999923706055,5.900000095367432,31600,0,0
2019-07-23,5.820000171661377,5.949999809265137,5.369999885559082,5.440000057220459,56100,0,0
2019-07-24,5.400000095367432,5.400000095367432,5.130000114440918,5.130000114440918,50400,0,0
2019-07-25,5.110000133514404,5.119999885559082,4.75,4.809999942779541,62600,0,0
2019-07-26,4.860000133514404,5.139999866485596,4.860000133514404,5.110000133514404,19800,0,0
2019-07-29,5.170000076293945,5.190000057220459,5.090000152587891,5.130000114440918,18000,0,0
2019-07-30,5.079999923706055,5.130000114440918,4.992000102996826,5.010000228881836,23900,0,0
2019-07-31,5.021999835968018,5.119999885559082,4.960000038146973,4.960000038146973,26400,0,0
2019-08-01,5.0,5.119999885559082,4.619999885559082,4.690000057220459,20500,0,0
2019-08-02,4.650000095367432,4.974999904632568,4.320000171661377,4.440000057220459,23500,0,0
2019-08-05,4.440000057220459,4.519000053405762,4.03000020980835,4.070000171661377,30200,0,0
2019-08-06,4.070000171661377,4.849999904632568,4.070000171661377,4.159999847412109,27900,0,0
2019-08-07,4.159999847412109,4.260000228881836,3.9800000190734863,4.230000019073486,31400,0,0
2019-08-08,4.360000133514404,4.489999771118164,4.269999980926514,4.269999980926514,31300,0,0
2019-08-09,4.5,4.630000114440918,3.799999952316284,4.269999980926514,55700,0,0
2019-08-12,4.21999979019165,4.21999979019165,4.059999942779541,4.070000171661377,12100,0,0
2019-08-13,4.079999923706055,4.320000171661377,3.8499999046325684,3.930000066757202,30500,0,0
2019-08-14,3.9000000953674316,4.289999961853027,3.809999942779541,3.809999942779541,34000,0,0
2019-08-15,3.8499999046325684,4.03000020980835,3.559999942779541,3.569999933242798,14400,0,0
2019-08-16,3.609999895095825,4.639999866485596,3.609999895095825,4.610000133514404,47800,0,0
2019-08-19,4.949999809265137,6.0,4.849999904632568,4.960000038146973,186100,0,0
2019-08-20,5.090000152587891,5.230000019073486,4.243000030517578,4.380000114440918,59600,0,0
2019-08-21,4.389999866485596,4.889999866485596,4.38100004196167,4.769999980926514,83100,0,0
2019-08-22,4.800000190734863,5.0,4.590000152587891,4.659999847412109,80700,0,0
2019-08-23,4.659999847412109,4.690000057220459,4.25,4.320000171661377,52300,0,0
2019-08-26,4.690000057220459,4.699999809265137,4.159999847412109,4.239999771118164,60000,0,0
2019-08-27,4.260000228881836,4.480000019073486,3.9010000228881836,4.050000190734863,50500,0,0
2019-08-28,4.052999973297119,4.1479997634887695,3.9200000762939453,3.984999895095825,26300,0,0
2019-08-29,4.0970001220703125,4.289999961853027,3.9800000190734863,4.139999866485596,60000,0,0
2019-08-30,4.21999979019165,4.21999979019165,4.000999927520752,4.119999885559082,18700,0,0
2019-09-03,4.199999809265137,4.75,4.03000020980835,4.429999828338623,410400,0,0
2019-09-04,4.590000152587891,4.998000144958496,4.309999942779541,4.809999942779541,433100,0,0
2019-09-05,4.71999979019165,4.920000076293945,4.309999942779541,4.639999866485596,265200,0,0
2019-09-06,4.829999923706055,5.460000038146973,4.650000095367432,5.400000095367432,670000,0,0
2019-09-09,5.5,5.710000038146973,4.900000095367432,5.03000020980835,124400,0,0
2019-09-10,5.0,5.25,4.949999809265137,5.210000038146973,72700,0,0
2019-09-11,5.21999979019165,5.949999809265137,5.21999979019165,5.809999942779541,663500,0,0
2019-09-12,5.880000114440918,6.589000225067139,5.559999942779541,6.159999847412109,546600,0,0
2019-09-13,6.309999942779541,6.357999801635742,5.742000102996826,6.010000228881836,64400,0,0
2019-09-16,6.099999904632568,6.577000141143799,6.039999961853027,6.070000171661377,107400,0,0
2019-09-17,6.150000095367432,6.400000095367432,5.574999809265137,5.840000152587891,81800,0,0
2019-09-18,5.840000152587891,5.840000152587891,5.309999942779541,5.730000019073486,85900,0,0
2019-09-19,5.769999980926514,5.960000038146973,5.710000038146973,5.849999904632568,63500,0,0
2019-09-20,5.900000095367432,6.789999961853027,5.880000114440918,6.710000038146973,187900,0,0
2019-09-23,6.679999828338623,6.78000020980835,6.340000152587891,6.5,48900,0,0
2019-09-24,6.599999904632568,6.599999904632568,6.400000095367432,6.579999923706055,69500,0,0
2019-09-25,6.550000190734863,6.900000095367432,6.5,6.809999942779541,86400,0,0
2019-09-26,6.849999904632568,6.949999809265137,6.71999979019165,6.820000171661377,42900,0,0
2019-09-27,6.800000190734863,6.875,6.590000152587891,6.630000114440918,67500,0,0
2019-09-30,6.599999904632568,6.800000190734863,6.53000020980835,6.570000171661377,29400,0,0
2019-10-01,6.599999904632568,6.670000076293945,6.5,6.550000190734863,49000,0,0
2019-10-02,6.480000019073486,6.480000019073486,6.03000020980835,6.300000190734863,50500,0,0
2019-10-03,6.300000190734863,6.829999923706055,6.263999938964844,6.800000190734863,38500,0,0
2019-10-04,6.800000190734863,7.050000190734863,6.75,6.960000038146973,50200,0,0
2019-10-07,6.960000038146973,7.079999923706055,6.926000118255615,7.03000020980835,44100,0,0
2019-10-08,7.0,7.230000019073486,6.849999904632568,7.210000038146973,53300,0,0
2019-10-09,7.25,7.28000020980835,7.090000152587891,7.099999904632568,28800,0,0
2019-10-10,7.179999828338623,7.190000057220459,7.0,7.150000095367432,21800,0,0
2019-10-11,7.199999809265137,7.664999961853027,7.133999824523926,7.570000171661377,57600,0,0
2019-10-14,7.53000020980835,7.638999938964844,7.46999979019165,7.599999904632568,42400,0,0
2019-10-15,7.630000114440918,7.770999908447266,7.449999809265137,7.599999904632568,53100,0,0
2019-10-16,7.579999923706055,7.78000020980835,7.369999885559082,7.579999923706055,66400,0,0
2019-10-17,7.619999885559082,7.704999923706055,7.46999979019165,7.570000171661377,15000,0,0
2019-10-18,7.510000228881836,7.510000228881836,6.96999979019165,7.150000095367432,17600,0,0
2019-10-21,7.199999809265137,7.619999885559082,7.170000076293945,7.46999979019165,20200,0,0
2019-10-22,7.480000019073486,7.775000095367432,7.400000095367432,7.570000171661377,20200,0,0
2019-10-23,7.440000057220459,7.465000152587891,6.389999866485596,7.420000076293945,9000,0,0
2019-10-24,7.400000095367432,7.510000228881836,7.03000020980835,7.329999923706055,8300,0,0
2019-10-25,7.340000152587891,7.510000228881836,7.179999828338623,7.380000114440918,7700,0,0
2019-10-28,7.420000076293945,7.599999904632568,7.329999923706055,7.340000152587891,23800,0,0
2019-10-29,7.320000171661377,7.480000019073486,7.105000019073486,7.300000190734863,16800,0,0
2019-10-30,7.300000190734863,7.300000190734863,7.059999942779541,7.090000152587891,14700,0,0
2019-10-31,7.079999923706055,7.139999866485596,6.900000095367432,7.010000228881836,44900,0,0
2019-11-01,7.050000190734863,7.409999847412109,7.050000190734863,7.400000095367432,27200,0,0
2019-11-04,7.449999809265137,7.460000038146973,7.179999828338623,7.230000019073486,20900,0,0
2019-11-05,7.389999866485596,7.460000038146973,7.191999912261963,7.349999904632568,15100,0,0
2019-11-06,7.150000095367432,7.380000114440918,7.150000095367432,7.150000095367432,7800,0,0
2019-11-07,7.400000095367432,7.400000095367432,7.0,7.239999771118164,7200,0,0
2019-11-08,7.14300012588501,7.619999885559082,7.14300012588501,7.210000038146973,20700,0,0
2019-11-11,7.210000038146973,7.590000152587891,7.127999782562256,7.349999904632568,7100,0,0
2019-11-12,7.25,7.679999828338623,7.25,7.519999980926514,14400,0,0
2019-11-13,7.5,8.336000442504883,7.414999961853027,8.109999656677246,62200,0,0
2019-11-14,8.15999984741211,8.15999984741211,7.5879998207092285,7.809999942779541,22800,0,0
2019-11-15,8.1899995803833,8.1899995803833,7.750999927520752,8.0,17400,0,0
2019-11-18,8.140000343322754,8.140000343322754,7.78000020980835,7.789999961853027,11100,0,0
2019-11-19,7.876999855041504,8.140000343322754,7.800000190734863,7.960000038146973,19600,0,0
2019-11-20,7.71999979019165,7.822999954223633,6.820000171661377,7.25,101000,0,0
2019-11-21,7.0,7.010000228881836,5.929999828338623,6.070000171661377,158300,0,0
2019-11-22,5.0,5.090000152587891,4.610000133514404,4.724999904632568,2251000,0,0
2019-11-25,4.849999904632568,5.099999904632568,4.840000152587891,5.03000020980835,759100,0,0
2019-11-26,5.070000171661377,5.150000095367432,4.949999809265137,5.010000228881836,533100,0,0
2019-11-27,5.0,5.099999904632568,4.809999942779541,4.90500020980835,212600,0,0
2019-11-29,5.010000228881836,5.25,4.909999847412109,5.130000114440918,241500,0,0
2019-12-02,5.110000133514404,5.179999828338623,4.840000152587891,4.929999828338623,215100,0,0
2019-12-03,4.829999923706055,5.039999961853027,4.809999942779541,4.960000038146973,134100,0,0
2019-12-04,4.989999771118164,4.989999771118164,4.71999979019165,4.820000171661377,182700,0,0
2019-12-05,4.820000171661377,4.940000057220459,4.710000038146973,4.809999942779541,155800,0,0
2019-12-06,4.849999904632568,5.23799991607666,4.760000228881836,5.110000133514404,505400,0,0
2019-12-09,5.079999923706055,5.224999904632568,4.900000095367432,4.949999809265137,149800,0,0
2019-12-10,5.0,5.03000020980835,4.909999847412109,4.929999828338623,44000,0,0
2019-12-11,5.0,5.050000190734863,4.800000190734863,4.869999885559082,110600,0,0
2019-12-12,4.860000133514404,4.860000133514404,4.659999847412109,4.699999809265137,216900,0,0
2019-12-13,4.699999809265137,4.980000019073486,4.650000095367432,4.900000095367432,122900,0,0
2019-12-16,4.929999828338623,5.110000133514404,4.820000171661377,5.0,149400,0,0
2019-12-17,5.0,5.070000171661377,4.900000095367432,5.019999980926514,97000,0,0
2019-12-18,5.03000020980835,5.079999923706055,4.909999847412109,4.980000019073486,58000,0,0
2019-12-19,5.0,5.070000171661377,4.900000095367432,5.050000190734863,82600,0,0
2019-12-20,5.050000190734863,5.050000190734863,4.760000228881836,4.789999961853027,640600,0,0
2019-12-23,4.809999942779541,4.989999771118164,4.769999980926514,4.880000114440918,176800,0,0
2019-12-24,4.880000114440918,5.03000020980835,4.830999851226807,5.0,49200,0,0
2019-12-26,4.960000038146973,5.079999923706055,4.880000114440918,4.96999979019165,112000,0,0
2019-12-27,4.980000019073486,5.039999961853027,4.900000095367432,4.940000057220459,46300,0,0
2019-12-30,4.920000076293945,4.920000076293945,4.769999980926514,4.840000152587891,64100,0,0
2019-12-31,4.820000171661377,4.900000095367432,4.690000057220459,4.809999942779541,98600,0,0
2020-01-02,4.849999904632568,4.895999908447266,4.690000057220459,4.78000020980835,85700,0,0
2020-01-03,4.710000038146973,4.789999961853027,4.559999942779541,4.579999923706055,85300,0,0
2020-01-06,4.570000171661377,4.599999904632568,4.340000152587891,4.480000019073486,136300,0,0
2020-01-07,4.449999809265137,4.590000152587891,4.309999942779541,4.480000019073486,63200,0,0
2020-01-08,4.46999979019165,4.940000057220459,4.46999979019165,4.880000114440918,59700,0,0
2020-01-09,4.909999847412109,4.921000003814697,4.789999961853027,4.840000152587891,62900,0,0
2020-01-10,4.989999771118164,5.079999923706055,4.760000228881836,4.78000020980835,150200,0,0
2020-01-13,5.010000228881836,5.119999885559082,4.840000152587891,5.0,116000,0,0
2020-01-14,5.0,5.21999979019165,5.0,5.079999923706055,73100,0,0
2020-01-15,5.099999904632568,5.349999904632568,5.070000171661377,5.199999809265137,76900,0,0
2020-01-16,5.199999809265137,5.389999866485596,5.050000190734863,5.309999942779541,75100,0,0
2020-01-17,5.369999885559082,5.434999942779541,5.25,5.289999961853027,61100,0,0
2020-01-21,5.289999961853027,5.289999961853027,4.699999809265137,4.940000057220459,128700,0,0
2020-01-22,4.920000076293945,5.199999809265137,4.866000175476074,5.010000228881836,69600,0,0
2020-01-23,5.064000129699707,5.090000152587891,4.920000076293945,4.960000038146973,26800,0,0
2020-01-24,4.980000019073486,4.980000019073486,4.820000171661377,4.840000152587891,39300,0,0
2020-01-27,4.739999771118164,4.789999961853027,4.650000095367432,4.670000076293945,48300,0,0
2020-01-28,4.699999809265137,4.800000190734863,4.610000133514404,4.75,48400,0,0
2020-01-29,4.796000003814697,4.820000171661377,4.659999847412109,4.730000019073486,26600,0,0
2020-01-30,4.710000038146973,4.880000114440918,4.550000190734863,4.710000038146973,27400,0,0
2020-01-31,4.6529998779296875,4.699999809265137,4.239999771118164,4.46999979019165,104300,0,0
2020-02-03,4.619999885559082,4.665999889373779,4.510000228881836,4.619999885559082,25400,0,0
2020-02-04,4.760000228881836,4.800000190734863,4.46999979019165,4.639999866485596,15100,0,0
2020-02-05,4.650000095367432,4.789999961853027,4.650000095367432,4.699999809265137,18300,0,0
2020-02-06,4.789999961853027,4.789999961853027,4.650000095367432,4.690000057220459,21900,0,0
2020-02-07,4.730000019073486,4.75,4.489999771118164,4.699999809265137,30900,0,0
2020-02-10,4.659999847412109,4.96999979019165,4.630000114440918,4.909999847412109,29400,0,0
2020-02-11,4.880000114440918,4.953999996185303,4.730000019073486,4.800000190734863,11800,0,0
2020-02-12,4.909999847412109,4.909999847412109,4.710000038146973,4.820000171661377,25800,0,0
2020-02-13,4.769999980926514,4.900000095367432,4.639999866485596,4.889999866485596,13600,0,0
2020-02-14,4.980000019073486,4.980000019073486,4.539999961853027,4.550000190734863,53000,0,0
2020-02-18,4.550000190734863,4.650000095367432,4.5,4.599999904632568,46000,0,0
2020-02-19,4.610000133514404,4.989999771118164,4.599999904632568,4.909999847412109,34400,0,0
2020-02-20,4.989999771118164,5.050000190734863,4.909999847412109,4.909999847412109,47700,0,0
2020-02-21,4.909999847412109,4.989999771118164,4.730000019073486,4.829999923706055,56300,0,0
2020-02-24,4.71999979019165,4.71999979019165,4.440000057220459,4.474999904632568,94000,0,0
2020-02-25,4.670000076293945,4.671000003814697,4.340000152587891,4.349999904632568,68000,0,0
2020-02-26,4.53000020980835,4.53000020980835,4.199999809265137,4.28000020980835,31000,0,0
2020-02-27,4.28000020980835,4.28000020980835,3.799999952316284,3.9000000953674316,77800,0,0
2020-02-28,3.859999895095825,4.110000133514404,3.809999942779541,3.9200000762939453,53300,0,0
2020-03-02,4.110000133514404,4.110000133514404,3.9200000762939453,4.039999961853027,29000,0,0
2020-03-03,4.190000057220459,4.190000057220459,3.5899999141693115,3.7100000381469727,37600,0,0
2020-03-04,3.75,4.019999980926514,3.75,3.940000057220459,31000,0,0
2020-03-05,3.880000114440918,3.993000030517578,3.549999952316284,3.6700000762939453,33200,0,0
2020-03-06,3.700000047683716,3.744999885559082,3.5,3.509999990463257,28700,0,0
2020-03-09,3.5,3.5,3.0,3.0899999141693115,91900,0,0
2020-03-10,3.640000104904175,3.640000104904175,2.8499999046325684,2.940000057220459,105700,0,0
2020-03-11,2.869999885559082,3.2100000381469727,2.799999952316284,2.9800000190734863,77000,0,0
2020-03-12,2.990000009536743,4.860000133514404,2.990000009536743,3.9700000286102295,1414700,0,0
2020-03-13,4.159999847412109,4.46999979019165,4.0,4.449999809265137,455800,0,0
2020-03-16,3.9200000762939453,4.289999961853027,3.6500000953674316,3.9200000762939453,220100,0,0
2020-03-17,3.7699999809265137,3.7899999618530273,3.1050000190734863,3.5999999046325684,100300,0,0
2020-03-18,3.2300000190734863,3.625,2.4719998836517334,2.9200000762939453,86800,0,0
2020-03-19,2.9000000953674316,3.2200000286102295,2.609999895095825,2.940000057220459,131400,0,0
2020-03-20,3.0,3.25,2.9200000762939453,3.0299999713897705,96400,0,0
2020-03-23,2.9200000762939453,3.0399999618530273,2.690000057220459,2.9200000762939453,55500,0,0
2020-03-24,2.9200000762939453,3.5399999618530273,2.8570001125335693,3.5399999618530273,51200,0,0
2020-03-25,3.5399999618530273,3.5399999618530273,3.130000114440918,3.4200000762939453,43700,0,0
2020-03-26,3.369999885559082,3.5399999618530273,2.9100000858306885,3.5399999618530273,117600,0,0
2020-03-27,3.5,3.5,3.109999895095825,3.359999895095825,43800,0,0
2020-03-30,3.299999952316284,3.390000104904175,3.0899999141693115,3.390000104904175,28000,0,0
2020-03-31,3.4100000858306885,3.5,3.059999942779541,3.2300000190734863,38500,0,0
2020-04-01,3.2300000190734863,3.246000051498413,2.740000009536743,2.859999895095825,62600,0,0
2020-04-02,2.890000104904175,3.140000104904175,2.809999942779541,2.9700000286102295,46700,0,0
2020-04-03,2.940000057220459,3.188999891281128,2.859999895095825,2.9600000381469727,49800,0,0
2020-04-06,3.0199999809265137,3.200000047683716,2.7899999618530273,2.990000009536743,72200,0,0
2020-04-07,3.130000114440918,3.299999952316284,3.0,3.0999999046325684,39700,0,0
2020-04-08,3.1500000953674316,3.240000009536743,2.940000057220459,3.2200000286102295,39200,0,0
2020-04-09,3.4800000190734863,3.4800000190734863,3.1500000953674316,3.309999942779541,64000,0,0
2020-04-13,3.369999885559082,3.5,3.3369998931884766,3.4600000381469727,30600,0,0
2020-04-14,3.490000009536743,3.5999999046325684,3.309999942779541,3.359999895095825,33000,0,0
2020-04-15,3.1700000762939453,3.369999885559082,2.9700000286102295,3.069999933242798,47600,0,0
2020-04-16,3.0799999237060547,3.200000047683716,2.859999895095825,2.9000000953674316,42300,0,0
2020-04-17,2.9000000953674316,3.319999933242798,2.9000000953674316,3.2200000286102295,75200,0,0
2020-04-20,3.4200000762939453,3.5299999713897705,3.121999979019165,3.2899999618530273,69800,0,0
2020-04-21,3.2200000286102295,3.4800000190734863,3.059999942779541,3.2699999809265137,26300,0,0
2020-04-22,3.2699999809265137,3.430000066757202,3.2200000286102295,3.359999895095825,39000,0,0
2020-04-23,3.359999895095825,3.700000047683716,3.3299999237060547,3.619999885559082,61400,0,0
2020-04-24,3.7200000286102295,3.799999952316284,3.515000104904175,3.6700000762939453,34600,0,0
2020-04-27,3.680000066757202,3.859999895095825,3.630000114440918,3.7699999809265137,44000,0,0
2020-04-28,3.8299999237060547,3.890000104904175,3.4100000858306885,3.619999885559082,67600,0,0
2020-04-29,3.619999885559082,3.930000066757202,3.367000102996826,3.7699999809265137,79500,0,0
2020-04-30,3.690000057220459,3.8399999141693115,3.4000000953674316,3.7100000381469727,39900,0,0
2020-05-01,3.609999895095825,3.799999952316284,3.450000047683716,3.5299999713897705,42500,0,0
2020-05-04,3.450000047683716,3.6440000534057617,3.299999952316284,3.390000104904175,37700,0,0
2020-05-05,3.4700000286102295,3.640000104904175,3.3399999141693115,3.3399999141693115,27100,0,0
2020-05-06,3.3499999046325684,3.9000000953674316,3.240000009536743,3.7300000190734863,74600,0,0
2020-05-07,3.890000104904175,3.990000009536743,3.5199999809265137,3.549999952316284,41200,0,0
2020-05-08,3.569999933242798,3.930000066757202,3.559999942779541,3.8299999237060547,57500,0,0
2020-05-11,3.950000047683716,4.449999809265137,3.7799999713897705,3.7799999713897705,81300,0,0
2020-05-12,3.799999952316284,4.090000152587891,3.4200000762939453,3.450000047683716,114600,0,0
2020-05-13,3.4800000190734863,3.6500000953674316,3.240000009536743,3.299999952316284,72500,0,0
2020-05-14,3.4000000953674316,3.5490000247955322,3.049999952316284,3.180000066757202,85900,0,0
2020-05-15,3.2699999809265137,3.3480000495910645,3.009999990463257,3.109999895095825,70300,0,0
2020-05-18,3.2100000381469727,3.5399999618530273,3.2100000381469727,3.4100000858306885,78400,0,0
2020-05-19,3.390000104904175,3.4000000953674316,3.140000104904175,3.200000047683716,76500,0,0
2020-05-20,3.2200000286102295,3.700000047683716,3.2200000286102295,3.5999999046325684,84300,0,0
2020-05-21,3.5999999046325684,3.640000104904175,3.380000114440918,3.380000114440918,81600,0,0
2020-05-22,3.5399999618530273,3.63100004196167,3.2899999618530273,3.3399999141693115,79700,0,0
2020-05-26,3.5,3.549999952316284,3.25,3.3399999141693115,287800,0,0
2020-05-27,3.890000104904175,4.0,3.3499999046325684,3.4600000381469727,582000,0,0
2020-05-28,3.759999990463257,4.78000020980835,3.630000114440918,4.610000133514404,3146000,0,0
2020-05-29,4.789999961853027,4.800000190734863,3.7100000381469727,4.130000114440918,730200,0,0
2020-06-01,4.139999866485596,4.139999866485596,3.799999952316284,3.940000057220459,290000,0,0
2020-06-02,3.859999895095825,4.360000133514404,3.8499999046325684,4.179999828338623,292600,0,0
2020-06-03,4.179999828338623,4.613999843597412,4.119999885559082,4.210000038146973,267500,0,0
2020-06-04,4.150000095367432,4.300000190734863,4.0,4.099999904632568,140700,0,0
2020-06-05,4.110000133514404,4.420000076293945,4.010000228881836,4.340000152587891,266800,0,0
2020-06-08,4.340000152587891,4.449999809265137,4.099999904632568,4.21999979019165,177200,0,0
2020-06-09,4.150000095367432,4.329999923706055,3.9000000953674316,3.950000047683716,164000,0,0
2020-06-10,3.9600000381469727,4.099999904632568,3.930000066757202,3.990000009536743,216500,0,0
2020-06-11,3.8299999237060547,3.869999885559082,3.5,3.6600000858306885,153200,0,0
2020-06-12,3.990000009536743,4.010000228881836,3.700000047683716,3.8399999141693115,141200,0,0
2020-06-15,3.8499999046325684,4.050000190734863,3.75,3.990000009536743,147300,0,0
2020-06-16,4.010000228881836,4.079999923706055,3.9100000858306885,3.9600000381469727,154400,0,0
2020-06-17,3.950000047683716,4.039999961853027,3.890000104904175,3.950000047683716,64400,0,0
2020-06-18,3.9200000762939453,3.9600000381469727,3.759999990463257,3.819999933242798,158700,0,0
2020-06-19,3.8399999141693115,4.010000228881836,3.700000047683716,3.869999885559082,182300,0,0
2020-06-22,3.890000104904175,3.940000057220459,3.690000057220459,3.880000114440918,93200,0,0
2020-06-23,3.880000114440918,4.006999969482422,3.7799999713897705,3.8399999141693115,110800,0,0
2020-06-24,3.7899999618530273,4.0,3.6500000953674316,3.930000066757202,137700,0,0
2020-06-25,3.799999952316284,4.0,3.75,3.8299999237060547,161600,0,0
2020-06-26,3.8299999237060547,4.0,3.7699999809265137,3.8399999141693115,1036300,0,0
2020-06-29,3.8399999141693115,4.050000190734863,3.7300000190734863,3.819999933242798,159800,0,0
2020-06-30,3.799999952316284,3.950000047683716,3.759999990463257,3.8399999141693115,92400,0,0
2020-07-01,3.8399999141693115,3.8499999046325684,3.7300000190734863,3.75,53600,0,0
2020-07-02,3.7899999618530273,3.7899999618530273,3.634999990463257,3.7200000286102295,91300,0,0
2020-07-06,3.759999990463257,3.859999895095825,3.5999999046325684,3.640000104904175,80000,0,0
2020-07-07,3.630000114440918,3.6600000858306885,3.509999990463257,3.5799999237060547,57700,0,0
2020-07-08,3.5799999237060547,3.630000114440918,3.4700000286102295,3.5399999618530273,64800,0,0
2020-07-09,3.549999952316284,3.5799999237060547,3.299999952316284,3.319999933242798,102100,0,0
2020-07-10,3.319999933242798,3.5199999809265137,3.309999942779541,3.450000047683716,64500,0,0
2020-07-13,3.4600000381469727,3.549999952316284,3.3299999237060547,3.3399999141693115,75200,0,0
2020-07-14,3.3299999237060547,3.38700008392334,3.2300000190734863,3.2899999618530273,80800,0,0
2020-07-15,3.869999885559082,4.199999809265137,3.5799999237060547,3.8399999141693115,1318600,0,0
2020-07-16,3.7799999713897705,3.880000114440918,3.75,3.8350000381469727,205900,0,0
2020-07-17,3.819999933242798,4.086999893188477,3.7699999809265137,3.990000009536743,223400,0,0
2020-07-20,3.9800000190734863,4.010000228881836,3.865999937057495,3.9800000190734863,95100,0,0
2020-07-21,3.9800000190734863,4.099999904632568,3.9000000953674316,3.990000009536743,225200,0,0
2020-07-22,3.9800000190734863,4.019999980926514,3.8499999046325684,3.9800000190734863,86500,0,0
2020-07-23,3.9700000286102295,4.050000190734863,3.869999885559082,3.9100000858306885,77200,0,0
2020-07-24,3.990000009536743,3.990000009536743,3.75,3.759999990463257,58500,0,0
2020-07-27,3.7699999809265137,3.940000057220459,3.7200000286102295,3.859999895095825,80100,0,0
2020-07-28,3.7100000381469727,3.950000047683716,3.6700000762939453,3.7799999713897705,25700,0,0
2020-07-29,3.7899999618530273,3.819999933242798,3.7200000286102295,3.799999952316284,33300,0,0
2020-07-30,3.740000009536743,3.8399999141693115,3.7100000381469727,3.759999990463257,47400,0,0
2020-07-31,3.759999990463257,3.880000114440918,3.5940001010894775,3.680000066757202,57200,0,0
2020-08-03,3.6700000762939453,3.75,3.5480000972747803,3.7100000381469727,62300,0,0
2020-08-04,3.700000047683716,3.7829999923706055,3.630000114440918,3.7699999809265137,42300,0,0
2020-08-05,3.809999942779541,3.8499999046325684,3.6700000762939453,3.8299999237060547,26700,0,0
2020-08-06,3.8299999237060547,3.859999895095825,3.700000047683716,3.859999895095825,52800,0,0
2020-08-07,3.9000000953674316,4.150000095367432,3.8499999046325684,4.019999980926514,337000,0,0
2020-08-10,4.050000190734863,4.099999904632568,3.819999933242798,3.8499999046325684,105100,0,0
2020-08-11,4.099999904632568,4.199999809265137,4.0,4.050000190734863,260100,0,0
2020-08-12,4.050000190734863,4.150000095367432,4.0,4.070000171661377,89700,0,0
2020-08-13,4.099999904632568,4.139999866485596,4.039999961853027,4.070000171661377,61100,0,0
2020-08-14,4.019999980926514,4.119999885559082,3.8910000324249268,4.079999923706055,67900,0,0
2020-08-17,4.070000171661377,4.25,4.019999980926514,4.230000019073486,127500,0,0
2020-08-18,4.239999771118164,4.5,4.130000114440918,4.409999847412109,186000,0,0
2020-08-19,4.409999847412109,4.599999904632568,4.369999885559082,4.460000038146973,142000,0,0
2020-08-20,4.420000076293945,4.599999904632568,4.380000114440918,4.579999923706055,62000,0,0
2020-08-21,4.550000190734863,4.590000152587891,4.349999904632568,4.460000038146973,79300,0,0
2020-08-24,4.480000019073486,4.489999771118164,4.360000133514404,4.449999809265137,48900,0,0
2020-08-25,4.360000133514404,4.425000190734863,4.039999961853027,4.190000057220459,142200,0,0
2020-08-26,4.190000057220459,4.300000190734863,4.13100004196167,4.25,40300,0,0
2020-08-27,4.210000038146973,4.269999980926514,4.073999881744385,4.199999809265137,78200,0,0
2020-08-28,4.21999979019165,4.309999942779541,4.130000114440918,4.28000020980835,26100,0,0
2020-08-31,4.28000020980835,4.5,4.26200008392334,4.304999828338623,89500,0,0
2020-09-01,4.269999980926514,4.289999961853027,4.159999847412109,4.235000133514404,31600,0,0
2020-09-02,4.21999979019165,4.349999904632568,4.159999847412109,4.320000171661377,97900,0,0
2020-09-03,4.320000171661377,4.320000171661377,4.150000095367432,4.21999979019165,36700,0,0
2020-09-04,4.289999961853027,4.320000171661377,4.058000087738037,4.21999979019165,50400,0,0
2020-09-08,4.199999809265137,4.21999979019165,4.039999961853027,4.090000152587891,76800,0,0
2020-09-09,4.019999980926514,4.210000038146973,4.001999855041504,4.150000095367432,89900,0,0
2020-09-10,4.150000095367432,4.179999828338623,4.010000228881836,4.090000152587891,61200,0,0
2020-09-11,4.099999904632568,4.1539998054504395,3.859999895095825,3.9800000190734863,76600,0,0
2020-09-14,3.9700000286102295,4.090000152587891,3.930000066757202,4.045000076293945,52700,0,0
2020-09-15,4.070000171661377,4.179999828338623,4.070000171661377,4.110000133514404,46800,0,0
2020-09-16,4.110000133514404,4.230000019073486,4.070000171661377,4.150000095367432,61800,0,0
2020-09-17,4.130000114440918,4.208000183105469,3.990000009536743,4.099999904632568,37800,0,0
2020-09-18,4.170000076293945,4.210000038146973,3.9100000858306885,4.059999942779541,93800,0,0
2020-09-21,3.9800000190734863,4.110000133514404,3.75,3.8499999046325684,54300,0,0
2020-09-22,3.9100000858306885,3.9240000247955322,3.7100000381469727,3.799999952316284,24800,0,0
2020-09-23,3.799999952316284,3.9200000762939453,3.549999952316284,3.569999933242798,37700,0,0
2020-09-24,3.619999885559082,3.619999885559082,3.359999895095825,3.4700000286102295,61100,0,0
2020-09-25,3.5199999809265137,3.799999952316284,3.509999990463257,3.759999990463257,41600,0,0
2020-09-28,3.75,3.880000114440918,3.6670000553131104,3.8299999237060547,53600,0,0
2020-09-29,3.8399999141693115,3.933000087738037,3.7300000190734863,3.880000114440918,35300,0,0
2020-09-30,3.9000000953674316,3.990000009536743,3.7780001163482666,3.8399999141693115,29900,0,0
2020-10-01,3.8299999237060547,3.8299999237060547,3.7100000381469727,3.7799999713897705,62500,0,0
2020-10-02,3.7100000381469727,3.809999942779541,3.5739998817443848,3.700000047683716,23000,0,0
2020-10-05,3.700000047683716,3.950000047683716,3.700000047683716,3.880000114440918,41900,0,0
2020-10-06,3.950000047683716,3.9600000381469727,3.740000009536743,3.759999990463257,38100,0,0
2020-10-07,3.799999952316284,3.9600000381469727,3.7790000438690186,3.950000047683716,60400,0,0
2020-10-08,3.9000000953674316,3.9800000190734863,3.7799999713897705,3.859999895095825,43900,0,0
2020-10-09,3.859999895095825,3.8949999809265137,3.809999942779541,3.880000114440918,26000,0,0
2020-10-12,3.9000000953674316,4.070000171661377,3.7100000381469727,4.059999942779541,105500,0,0
2020-10-13,4.079999923706055,4.089000225067139,3.75,3.8499999046325684,146700,0,0
2020-10-14,3.7899999618530273,3.8499999046325684,3.740000009536743,3.7799999713897705,1023400,0,0
2020-10-15,4.39900016784668,4.840000152587891,4.230000019073486,4.579999923706055,2305900,0,0
2020-10-16,4.519999980926514,5.099999904632568,4.429999828338623,4.760000228881836,744900,0,0
2020-10-19,4.599999904632568,4.699999809265137,4.099999904632568,4.119999885559082,541200,0,0
2020-10-20,4.239999771118164,4.400000095367432,3.9000000953674316,4.0,329400,0,0
2020-10-21,4.0,4.156000137329102,3.859999895095825,3.9600000381469727,114600,0,0
2020-10-22,3.950000047683716,4.059999942779541,3.881999969482422,3.9700000286102295,103300,0,0
2020-10-23,4.0,4.3520002365112305,3.9100000858306885,4.210000038146973,317700,0,0
2020-10-26,4.210000038146973,4.25,4.03000020980835,4.050000190734863,52900,0,0
2020-10-27,4.050000190734863,4.159999847412109,3.940000057220459,3.950000047683716,85500,0,0
2020-10-28,3.9000000953674316,3.9000000953674316,3.5799999237060547,3.630000114440918,143700,0,0
2020-10-29,3.549999952316284,3.700000047683716,3.444999933242798,3.6500000953674316,92000,0,0
2020-10-30,3.680000066757202,3.7660000324249268,3.5999999046325684,3.6500000953674316,113000,0,0
2020-11-02,3.6700000762939453,3.7690000534057617,3.549999952316284,3.6700000762939453,83100,0,0
2020-11-03,3.7799999713897705,3.990000009536743,3.630000114440918,3.7699999809265137,79500,0,0
2020-11-04,3.7899999618530273,3.809999942779541,3.6679999828338623,3.7200000286102295,67000,0,0
2020-11-05,3.690000057220459,3.9600000381469727,3.690000057220459,3.9000000953674316,90800,0,0
2020-11-06,3.890000104904175,4.090000152587891,3.8499999046325684,4.010000228881836,83800,0,0
2020-11-09,4.0,4.340000152587891,4.0,4.150000095367432,193600,0,0
2020-11-10,4.440000057220459,4.489999771118164,3.940000057220459,4.340000152587891,383900,0,0
2020-11-11,3.930000066757202,4.079999923706055,3.819999933242798,3.940000057220459,397600,0,0
2020-11-12,3.940000057220459,3.990000009536743,3.6600000858306885,3.6700000762939453,869300,0,0
2020-11-13,3.822999954223633,4.550000190734863,3.509999990463257,4.21999979019165,3430600,0,0
2020-11-16,4.460000038146973,4.539999961853027,4.179999828338623,4.300000190734863,544600,0,0
2020-11-17,4.360000133514404,4.550000190734863,4.263000011444092,4.329999923706055,787700,0,0
2020-11-18,4.539999961853027,4.843999862670898,4.5,4.699999809265137,649900,0,0
2020-11-19,4.769999980926514,5.039999961853027,4.730000019073486,4.909999847412109,561200,0,0
2020-11-20,5.25,5.400000095367432,4.96999979019165,5.079999923706055,990700,0,0
2020-11-23,5.449999809265137,5.449999809265137,5.090000152587891,5.170000076293945,646300,0,0
2020-11-24,5.25,5.2779998779296875,4.989999771118164,5.170000076293945,466300,0,0
2020-11-25,5.210000038146973,5.21999979019165,5.099999904632568,5.119999885559082,205900,0,0
2020-11-27,5.130000114440918,5.21999979019165,4.949999809265137,4.989999771118164,190700,0,0
2020-11-30,5.079999923706055,5.230000019073486,4.880000114440918,5.150000095367432,682600,0,0
2020-12-01,5.210000038146973,5.289999961853027,5.110000133514404,5.199999809265137,275000,0,0
2020-12-02,5.21999979019165,5.400000095367432,5.159999847412109,5.28000020980835,375800,0,0
2020-12-03,5.28000020980835,5.400000095367432,5.199999809265137,5.25,207000,0,0
2020-12-04,5.380000114440918,5.46999979019165,5.269999980926514,5.420000076293945,334500,0,0
2020-12-07,5.5,5.650000095367432,5.460000038146973,5.53000020980835,916900,0,0
2020-12-08,5.510000228881836,5.65500020980835,5.179999828338623,5.230000019073486,499600,0,0
2020-12-09,5.25,5.329999923706055,4.559999942779541,4.820000171661377,565200,0,0
2020-12-10,4.800000190734863,5.110000133514404,4.71999979019165,4.860000133514404,379300,0,0
2020-12-11,4.860000133514404,4.909999847412109,4.570000171661377,4.789999961853027,375200,0,0
2020-12-14,4.800000190734863,5.260000228881836,4.800000190734863,5.099999904632568,397100,0,0
2020-12-15,5.230000019073486,5.5,5.1020002365112305,5.400000095367432,340700,0,0
2020-12-16,5.369999885559082,5.480000019073486,5.190000057220459,5.400000095367432,528500,0,0
2020-12-17,5.440000057220459,5.940000057220459,5.349999904632568,5.900000095367432,835100,0,0
2020-12-18,5.920000076293945,6.329999923706055,5.76800012588501,5.96999979019165,2144800,0,0
2020-12-21,5.909999847412109,6.230000019073486,5.769999980926514,6.159999847412109,1025600,0,0
2020-12-22,6.199999809265137,6.5,6.070000171661377,6.5,830200,0,0
2020-12-23,6.510000228881836,6.659999847412109,6.380000114440918,6.559999942779541,413400,0,0
2020-12-24,6.599999904632568,6.599999904632568,6.400000095367432,6.460000038146973,140700,0,0
2020-12-28,6.489999771118164,6.78000020980835,6.480000019073486,6.670000076293945,302100,0,0
2020-12-29,6.699999809265137,7.190000057220459,6.639999866485596,7.150000095367432,561000,0,0
2020-12-30,7.179999828338623,7.599999904632568,7.179999828338623,7.449999809265137,619900,0,0
2020-12-31,7.409999847412109,7.610000133514404,7.039999961853027,7.53000020980835,637900,0,0
2021-01-04,7.610000133514404,7.929999828338623,7.400000095367432,7.840000152587891,1193200,0,0
2021-01-05,8.0,8.050000190734863,7.13100004196167,7.329999923706055,742500,0,0
2021-01-06,7.380000114440918,7.699999809265137,7.260000228881836,7.380000114440918,392100,0,0
2021-01-07,7.389999866485596,7.869999885559082,7.389999866485596,7.840000152587891,738000,0,0
2021-01-08,7.900000095367432,7.949999809265137,7.599999904632568,7.650000095367432,359000,0,0
2021-01-11,7.820000171661377,7.829999923706055,7.5,7.590000152587891,315300,0,0
2021-01-12,7.849999904632568,7.849999904632568,7.340000152587891,7.360000133514404,384900,0,0
2021-01-13,7.329999923706055,7.440000057220459,7.21999979019165,7.340000152587891,813800,0,0
2021-01-14,9.739999771118164,10.510000228881836,9.0600004196167,9.489999771118164,5137200,0,0
2021-01-15,9.470000267028809,9.680000305175781,9.0,9.5,1008200,0,0
2021-01-19,9.670000076293945,9.90999984741211,9.199999809265137,9.489999771118164,598000,0,0
2021-01-20,9.75,11.130000114440918,9.51200008392334,10.859999656677246,2309800,0,0
2021-01-21,11.010000228881836,11.050000190734863,9.859999656677246,9.989999771118164,2591900,0,0
2021-01-22,9.949999809265137,10.666000366210938,9.710000038146973,10.569999694824219,777100,0,0
2021-01-25,10.699999809265137,10.770000457763672,9.279999732971191,10.40999984741211,984200,0,0
2021-01-26,10.399999618530273,10.890000343322754,10.199999809265137,10.670000076293945,553900,0,0
2021-01-27,10.289999961853027,10.74899959564209,10.039999961853027,10.260000228881836,840600,0,0
2021-01-28,10.289999961853027,10.4399995803833,10.069999694824219,10.289999961853027,285400,0,0
2021-01-29,10.319999694824219,10.579999923706055,10.0,10.460000038146973,534000,0,0
2021-02-01,10.699999809265137,11.210000038146973,10.352999687194824,11.109999656677246,832600,0,0
2021-02-02,11.329999923706055,11.890000343322754,10.789999961853027,11.579999923706055,697300,0,0
2021-02-03,11.699999809265137,11.9399995803833,11.213000297546387,11.859999656677246,504300,0,0
2021-02-04,11.970000267028809,12.210000038146973,11.720000267028809,12.149999618530273,443000,0,0
2021-02-05,12.369999885559082,13.069999694824219,12.170000076293945,12.989999771118164,732100,0,0
2021-02-08,13.079999923706055,13.75,13.020000457763672,13.729999542236328,742200,0,0
2021-02-09,13.829999923706055,14.640000343322754,13.760000228881836,14.40999984741211,1130800,0,0
2021-02-10,14.930000305175781,14.949999809265137,13.41100025177002,14.244999885559082,671800,0,0
2021-02-11,14.220000267028809,14.220000267028809,13.40999984741211,13.699999809265137,746500,0,0
2021-02-12,13.529999732971191,14.020000457763672,12.539999961853027,12.739999771118164,825100,0,0
2021-02-16,12.859999656677246,13.680000305175781,12.699999809265137,13.680000305175781,1061300,0,0
2021-02-17,13.380000114440918,13.949999809265137,12.760000228881836,13.380000114440918,898300,0,0
2021-02-18,13.170000076293945,13.5600004196167,12.619999885559082,13.199999809265137,601900,0,0
2021-02-19,13.229999542236328,13.6899995803833,13.114999771118164,13.3100004196167,423200,0,0
2021-02-22,13.270000457763672,13.359999656677246,12.729999542236328,12.8100004196167,306900,0,0
2021-02-23,12.600000381469727,13.420000076293945,11.260000228881836,13.34000015258789,585400,0,0
2021-02-24,13.3100004196167,14.699999809265137,13.3100004196167,14.59000015258789,1256700,0,0
2021-02-25,14.699999809265137,16.5,14.140000343322754,14.505000114440918,1086200,0,0
2021-02-26,14.75,15.989999771118164,14.1899995803833,15.210000038146973,795100,0,0
2021-03-01,15.210000038146973,16.739999771118164,14.6899995803833,16.40999984741211,1155500,0,0
2021-03-02,16.530000686645508,17.110000610351562,15.5600004196167,16.0049991607666,1091200,0,0
2021-03-03,16.110000610351562,16.3700008392334,14.850000381469727,15.420000076293945,809100,0,0
2021-03-04,15.180000305175781,15.633999824523926,14.09000015258789,14.59000015258789,1098900,0,0
2021-03-05,14.5,15.289999961853027,13.569999694824219,15.09000015258789,892500,0,0
2021-03-08,15.369999885559082,15.649999618530273,14.930000305175781,15.029999732971191,438600,0,0
2021-03-09,15.109999656677246,16.389999389648438,15.109999656677246,15.630000114440918,334600,0,0
2021-03-10,16.06999969482422,16.399999618530273,15.430000305175781,15.800000190734863,294500,0,0
2021-03-11,15.970000267028809,17.09000015258789,15.880000114440918,16.90999984741211,395600,0,0
2021-03-12,17.020000457763672,17.829999923706055,16.790000915527344,17.719999313354492,461400,0,0
2021-03-15,17.770000457763672,18.200000762939453,16.940000534057617,17.200000762939453,508500,0,0
2021-03-16,17.469999313354492,17.93000030517578,16.18000030517578,17.059999465942383,687200,0,0
2021-03-17,17.25,18.40999984741211,16.40999984741211,17.850000381469727,773500,0,0
2021-03-18,18.219999313354492,18.219999313354492,16.920000076293945,17.079999923706055,751600,0,0
2021-03-19,16.959999084472656,18.8799991607666,16.90999984741211,18.670000076293945,1166200,0,0
2021-03-22,19.260000228881836,21.479999542236328,19.0,21.059999465942383,950800,0,0
2021-03-23,21.40999984741211,21.75,19.920000076293945,20.18000030517578,704000,0,0
2021-03-24,20.649999618530273,20.8700008392334,19.40999984741211,19.520000457763672,532800,0,0
2021-03-25,18.7549991607666,20.209999084472656,17.8799991607666,20.059999465942383,737700,0,0
2021-03-26,20.25,20.860000610351562,18.239999771118164,19.5,786300,0,0
2021-03-29,20.2549991607666,20.59000015258789,18.34000015258789,18.459999084472656,646700,0,0
2021-03-30,18.360000610351562,18.82900047302246,18.09000015258789,18.170000076293945,550800,0,0
2021-03-31,18.389999389648438,19.18000030517578,17.899999618530273,18.219999313354492,1523500,0,0
2021-04-01,18.239999771118164,19.90999984741211,18.100000381469727,19.829999923706055,3202500,0,0
2021-04-05,20.5,21.437999725341797,19.270000457763672,19.959999084472656,845800,0,0
2021-04-06,20.030000686645508,20.8700008392334,19.90999984741211,20.34000015258789,519700,0,0
2021-04-07,20.139999389648438,21.09000015258789,19.920000076293945,20.110000610351562,744300,0,0
2021-04-08,20.0,21.950000762939453,19.950000762939453,21.729999542236328,1112400,0,0
2021-04-09,22.0,24.336000442504883,21.75,22.84000015258789,1365900,0,0
2021-04-12,23.309999465942383,24.19700050354004,22.100000381469727,22.979999542236328,638800,0,0
2021-04-13,22.700000762939453,22.81999969482422,20.700000762939453,21.100000381469727,751200,0,0
2021-04-14,21.010000228881836,22.309999465942383,21.010000228881836,21.899999618530273,344000,0,0
2021-04-15,22.100000381469727,23.100000381469727,21.899999618530273,22.600000381469727,692200,0,0
2021-04-16,23.170000076293945,23.34000015258789,20.8700008392334,21.459999084472656,599500,0,0
2021-04-19,21.700000762939453,21.8799991607666,20.700000762939453,20.979999542236328,425100,0,0
2021-04-20,20.729999542236328,21.200000762939453,19.6299991607666,20.5,666900,0,0
2021-04-21,20.530000686645508,21.799999237060547,20.329999923706055,21.25,479800,0,0
2021-04-22,21.280000686645508,22.040000915527344,20.559999465942383,21.329999923706055,484500,0,0
2021-04-23,21.450000762939453,22.440000534057617,21.34000015258789,22.049999237060547,522400,0,0
2021-04-26,21.43000030517578,21.989999771118164,20.729999542236328,21.719999313354492,491800,0,0
2021-04-27,21.729999542236328,21.899999618530273,20.899999618530273,21.31999969482422,364100,0,0
2021-04-28,21.260000228881836,21.290000915527344,20.459999084472656,20.760000228881836,620400,0,0
2021-04-29,20.559999465942383,21.350000381469727,20.1299991607666,21.309999465942383,426800,0,0
2021-04-30,21.709999084472656,23.209999084472656,21.299999237060547,22.360000610351562,1023400,0,0
2021-05-03,23.15999984741211,23.989999771118164,22.559999465942383,23.229999542236328,793400,0,0
2021-05-04,23.450000762939453,23.739999771118164,20.809999465942383,20.940000534057617,783500,0,0
2021-05-05,21.170000076293945,21.6200008392334,20.172000885009766,21.459999084472656,479500,0,0
2021-05-06,21.579999923706055,21.950000762939453,19.834999084472656,20.649999618530273,502300,0,0
2021-05-07,20.399999618530273,21.68000030517578,20.260000228881836,21.149999618530273,685700,0,0
2021-05-10,20.90999984741211,21.25,19.1200008392334,19.290000915527344,642500,0,0
2021-05-11,17.440000534057617,19.360000610351562,16.969999313354492,17.920000076293945,1285500,0,0
2021-05-12,17.799999237060547,18.040000915527344,16.861000061035156,17.18000030517578,665200,0,0
2021-05-13,17.399999618530273,18.940000534057617,17.354999542236328,17.790000915527344,711900,0,0
2021-05-14,18.25,19.059999465942383,18.184999465942383,18.760000228881836,593300,0,0
2021-05-17,18.670000076293945,18.700000762939453,16.670000076293945,17.030000686645508,1216200,0,0
2021-05-18,17.600000381469727,17.708999633789062,16.59000015258789,16.65999984741211,906600,0,0
2021-05-19,16.030000686645508,17.045000076293945,15.699999809265137,16.719999313354492,1071100,0,0
2021-05-20,16.5,16.5,15.350000381469727,15.9399995803833,1606900,0,0
2021-05-21,16.09000015258789,16.799999237060547,15.9399995803833,16.450000762939453,674100,0,0
2021-05-24,16.530000686645508,17.709999084472656,16.260000228881836,17.219999313354492,725800,0,0
2021-05-25,17.06999969482422,17.389999389648438,15.9399995803833,16.5,833500,0,0
2021-05-26,16.459999084472656,16.790000915527344,15.819999694824219,16.6299991607666,712900,0,0
2021-05-27,19.670000076293945,19.75,17.40999984741211,17.90999984741211,6114700,0,0
2021-05-28,17.8799991607666,18.18000030517578,17.530000686645508,17.829999923706055,2073200,0,0
2021-06-01,18.0,18.280000686645508,17.40999984741211,18.149999618530273,13784600,0,0
2021-06-02,18.1200008392334,18.239999771118164,16.149999618530273,16.40999984741211,1919300,0,0
2021-06-03,16.149999618530273,16.489999771118164,15.755000114440918,16.389999389648438,2765600,0,0
2021-06-04,16.170000076293945,16.56999969482422,15.979999542236328,16.209999084472656,1131500,0,0
2021-06-07,16.489999771118164,16.489999771118164,15.880999565124512,15.979999542236328,848000,0,0
2021-06-08,16.0,16.049999237060547,15.180000305175781,15.430000305175781,1199400,0,0
2021-06-09,15.380000114440918,15.630000114440918,14.9399995803833,15.069999694824219,811500,0,0
2021-06-10,15.119999885559082,15.460000038146973,14.84000015258789,14.920000076293945,955900,0,0
2021-06-11,14.850000381469727,15.15999984741211,14.699999809265137,15.119999885559082,765300,0,0
2021-06-14,15.279999732971191,16.270000457763672,15.255000114440918,15.949999809265137,1365000,0,0
2021-06-15,15.899999618530273,16.03499984741211,15.300000190734863,15.789999961853027,1465500,0,0
2021-06-16,15.739999771118164,16.170000076293945,15.550000190734863,16.030000686645508,1369300,0,0
2021-06-17,16.18000030517578,17.030000686645508,16.049999237060547,16.75,1155600,0,0
2021-06-18,16.200000762939453,16.649999618530273,15.760000228881836,16.510000228881836,5490800,0,0
2021-06-21,16.610000610351562,16.969999313354492,16.110000610351562,16.649999618530273,1137400,0,0
2021-06-22,16.670000076293945,16.75,16.030000686645508,16.520000457763672,1657800,0,0
2021-06-23,16.424999237060547,17.059999465942383,16.424999237060547,16.799999237060547,1577100,0,0
2021-06-24,16.979999542236328,17.059999465942383,16.639999389648438,16.920000076293945,1097900,0,0
2021-06-25,16.510000228881836,17.40999984741211,16.469999313354492,17.020000457763672,3487300,0,0
2021-06-28,16.829999923706055,17.100000381469727,16.549999237060547,16.81999969482422,785600,0,0
2021-06-29,16.459999084472656,17.100000381469727,16.450000762939453,16.600000381469727,3097200,0,0
2021-06-30,16.549999237060547,16.959999084472656,16.40999984741211,16.6200008392334,1437700,0,0
2021-07-01,16.579999923706055,17.229999542236328,16.5,17.18000030517578,1075300,0,0
2021-07-02,17.1200008392334,17.309999465942383,16.540000915527344,16.790000915527344,508100,0,0
2021-07-06,16.75,17.239999771118164,16.559999465942383,16.889999389648438,1256900,0,0
2021-07-07,16.920000076293945,17.1200008392334,16.424999237060547,16.81999969482422,750800,0,0
2021-07-08,16.40999984741211,16.885000228881836,16.139999389648438,16.530000686645508,543200,0,0
2021-07-09,16.709999084472656,16.799999237060547,16.290000915527344,16.469999313354492,552900,0,0
2021-07-12,16.56999969482422,17.0,16.469999313354492,16.84000015258789,513900,0,0
2021-07-13,16.729999542236328,16.739999771118164,16.170000076293945,16.25,458800,0,0
2021-07-14,16.25,16.329999923706055,15.800000190734863,15.880000114440918,761900,0,0
2021-07-15,15.890000343322754,16.0,15.470000267028809,15.770000457763672,489500,0,0
2021-07-16,16.204999923706055,16.204999923706055,14.25,14.449999809265137,688600,0,0
2021-07-19,14.100000381469727,14.420000076293945,13.539999961853027,13.970000267028809,704800,0,0
2021-07-20,14.020000457763672,15.100000381469727,13.949999809265137,14.930000305175781,789800,0,0
2021-07-21,14.90999984741211,15.449999809265137,14.729999542236328,15.350000381469727,551600,0,0
2021-07-22,15.359999656677246,15.609999656677246,14.789999961853027,14.899999618530273,457300,0,0
2021-07-23,15.0,15.149999618530273,14.710000038146973,15.010000228881836,305000,0,0
2021-07-26,15.069999694824219,15.199999809265137,14.699999809265137,14.960000038146973,789300,0,0
2021-07-27,14.770000457763672,15.140000343322754,14.630000114440918,14.9399995803833,1909100,0,0
2021-07-28,14.949999809265137,15.4399995803833,14.949999809265137,15.319999694824219,1568900,0,0
2021-07-29,15.390000343322754,15.640000343322754,15.229999542236328,15.40999984741211,515100,0,0
2021-07-30,15.289999961853027,15.61299991607666,15.220000267028809,15.34000015258789,560600,0,0
2021-08-02,15.359999656677246,15.510000228881836,14.59000015258789,14.699999809265137,547200,0,0
2021-08-03,14.710000038146973,14.819999694824219,14.3100004196167,14.8100004196167,445800,0,0
2021-08-04,14.65999984741211,15.359999656677246,14.390000343322754,14.460000038146973,575800,0,0
2021-08-05,14.460000038146973,15.390000343322754,14.460000038146973,15.079999923706055,524300,0,0
2021-08-06,15.15999984741211,15.210000038146973,14.399999618530273,14.720000267028809,597400,0,0
2021-08-09,14.880000114440918,15.149999618530273,14.399999618530273,14.819999694824219,484100,0,0
2021-08-10,16.790000915527344,17.0,14.859999656677246,15.0,1414000,0,0
2021-08-11,15.15999984741211,15.890000343322754,14.720000267028809,15.520000457763672,785500,0,0
2021-08-12,15.40999984741211,15.890000343322754,15.0,15.869999885559082,410700,0,0
2021-08-13,15.869999885559082,15.994000434875488,15.050000190734863,15.09000015258789,609200,0,0
2021-08-16,15.079999923706055,15.079999923706055,14.350000381469727,14.4399995803833,644700,0,0
2021-08-17,14.220000267028809,14.380000114440918,13.25,13.710000038146973,759200,0,0
2021-08-18,14.180000305175781,14.25,13.75,14.0,497600,0,0
2021-08-19,13.859999656677246,14.399999618530273,13.680000305175781,13.960000038146973,467400,0,0
2021-08-20,14.319999694824219,15.1899995803833,14.22700023651123,15.029999732971191,651300,0,0
2021-08-23,15.210000038146973,15.640000343322754,15.09000015258789,15.380000114440918,696400,0,0
2021-08-24,15.359999656677246,15.529999732971191,15.15999984741211,15.430000305175781,422800,0,0
2021-08-25,15.34000015258789,15.680000305175781,15.180000305175781,15.630000114440918,533900,0,0
2021-08-26,15.579999923706055,15.670000076293945,15.119999885559082,15.449999809265137,539500,0,0
2021-08-27,15.479999542236328,16.049999237060547,15.479999542236328,15.9399995803833,589500,0,0
2021-08-30,16.06999969482422,16.309999465942383,15.765000343322754,16.280000686645508,449700,0,0
2021-08-31,16.3799991607666,17.360000610351562,16.34000015258789,17.059999465942383,962600,0,0
2021-09-01,17.3799991607666,17.5,16.850000381469727,17.0,1026300,0,0
2021-09-02,17.25,17.31999969482422,16.59000015258789,16.739999771118164,660700,0,0
2021-09-03,16.59000015258789,16.889999389648438,16.22800064086914,16.649999618530273,547000,0,0
2021-09-07,16.540000915527344,16.690000534057617,15.130000114440918,15.329999923706055,846200,0,0
2021-09-08,15.380000114440918,16.440000534057617,15.130000114440918,15.920000076293945,1639800,0,0
2021-09-09,16.174999237060547,16.889999389648438,16.0,16.43000030517578,932400,0,0
2021-09-10,16.510000228881836,17.385000228881836,16.309999465942383,16.729999542236328,943900,0,0
2021-09-13,16.739999771118164,16.764999389648438,14.4399995803833,15.380000114440918,2725200,0,0
2021-09-14,15.430000305175781,15.781000137329102,14.510000228881836,14.569999694824219,1372600,0,0
2021-09-15,14.65999984741211,15.539999961853027,14.399999618530273,15.489999771118164,1139100,0,0
2021-09-16,15.5600004196167,15.850000381469727,15.149999618530273,15.739999771118164,956600,0,0
2021-09-17,15.829999923706055,17.09000015258789,15.600000381469727,16.65999984741211,4006700,0,0
2021-09-20,16.139999389648438,16.5,15.479999542236328,15.75,954500,0,0
2021-09-21,15.970000267028809,16.8700008392334,15.960000038146973,16.65999984741211,1075900,0,0
2021-09-22,17.0,17.0,16.059999465942383,16.079999923706055,1509900,0,0
2021-09-23,16.09000015258789,16.420000076293945,15.319999694824219,15.609999656677246,1387700,0,0
2021-09-24,15.550000190734863,15.6899995803833,15.100000381469727,15.420000076293945,730800,0,0
2021-09-27,15.319999694824219,15.65999984741211,15.100000381469727,15.460000038146973,821800,0,0
2021-09-28,15.260000228881836,15.260000228881836,14.760000228881836,14.869999885559082,526000,0,0
2021-09-29,15.029999732971191,15.119999885559082,14.609999656677246,14.739999771118164,439700,0,0
2021-09-30,14.75,14.880000114440918,14.1899995803833,14.239999771118164,601900,0,0
2021-10-01,14.329999923706055,14.34000015258789,13.420000076293945,13.5,1005100,0,0
2021-10-04,13.449999809265137,13.489999771118164,12.890000343322754,13.050000190734863,1109700,0,0
2021-10-05,13.239999771118164,13.489999771118164,13.0,13.430000305175781,1551500,0,0
2021-10-06,13.369999885559082,13.604999542236328,12.9399995803833,13.050000190734863,1844600,0,0
2021-10-07,12.960000038146973,13.03499984741211,12.09000015258789,12.510000228881836,2373800,0,0
2021-10-08,12.529999732971191,13.255000114440918,12.460000038146973,12.529999732971191,1537000,0,0
2021-10-11,12.470000267028809,12.699999809265137,12.015000343322754,12.050000190734863,733900,0,0
2021-10-12,11.899999618530273,11.899999618530273,9.574999809265137,10.350000381469727,6604800,0,0
2021-10-13,10.180000305175781,11.75,10.100000381469727,11.350000381469727,3344100,0,0
2021-10-14,11.329999923706055,11.699999809265137,10.84000015258789,11.149999618530273,999100,0,0
2021-10-15,11.34000015258789,11.390000343322754,10.8100004196167,10.949999809265137,820900,0,0
2021-10-18,10.850000381469727,11.069999694824219,10.640000343322754,10.890000343322754,592600,0,0
2021-10-19,11.079999923706055,11.289999961853027,10.92199993133545,11.09000015258789,609300,0,0
2021-10-20,11.109999656677246,11.199999809265137,10.930000305175781,11.109999656677246,534600,0,0
2021-10-21,11.140000343322754,11.255000114440918,10.789999961853027,10.819999694824219,672000,0,0
2021-10-22,10.850000381469727,10.9350004196167,10.40999984741211,10.600000381469727,1070100,0,0
2021-10-25,10.640000343322754,11.114999771118164,10.399999618530273,10.960000038146973,948300,0,0
2021-10-26,10.949999809265137,11.1899995803833,10.8100004196167,10.899999618530273,510900,0,0
2021-10-27,10.800000190734863,10.989999771118164,10.640000343322754,10.65999984741211,462500,0,0
2021-10-28,10.835000038146973,11.010000228881836,10.619999885559082,10.90999984741211,557700,0,0
2021-10-29,10.859999656677246,11.0600004196167,10.75,10.979999542236328,523700,0,0
2021-11-01,11.079999923706055,11.397000312805176,10.9399995803833,11.199999809265137,807900,0,0
2021-11-02,11.260000228881836,11.477999687194824,10.869999885559082,10.989999771118164,505900,0,0
2021-11-03,10.899999618530273,11.430000305175781,10.899999618530273,11.380000114440918,814800,0,0
2021-11-04,11.300000190734863,11.479999542236328,11.239999771118164,11.4399995803833,619100,0,0
2021-11-05,11.489999771118164,11.5600004196167,11.109999656677246,11.260000228881836,1359600,0,0
2021-11-08,11.350000381469727,11.850000381469727,11.085000038146973,11.760000228881836,1099000,0,0
2021-11-09,11.649999618530273,12.300000190734863,11.319999694824219,11.399999618530273,2451000,0,0
2021-11-10,10.680000305175781,11.210000038146973,9.6899995803833,11.010000228881836,1573500,0,0
2021-11-11,11.180000305175781,11.430000305175781,10.90999984741211,11.039999961853027,562200,0,0
2021-11-12,11.039999961853027,11.369999885559082,10.949999809265137,11.170000076293945,476400,0,0
2021-11-15,11.3100004196167,11.3100004196167,10.729999542236328,10.800000190734863,718100,0,0
2021-11-16,10.789999961853027,11.029999732971191,10.520000457763672,10.989999771118164,782800,0,0
2021-11-17,10.930000305175781,10.960000038146973,10.449999809265137,10.539999961853027,805600,0,0
2021-11-18,10.579999923706055,10.59000015258789,9.6899995803833,9.869999885559082,840900,0,0
2021-11-19,10.050000190734863,10.050000190734863,9.640000343322754,9.920000076293945,824900,0,0
2021-11-22,10.100000381469727,10.369999885559082,9.9399995803833,10.170000076293945,838000,0,0
2021-11-23,10.4399995803833,10.649999618530273,9.96500015258789,10.40999984741211,1339400,0,0
2021-11-24,10.239999771118164,10.59000015258789,10.050000190734863,10.470000267028809,518500,0,0
2021-11-26,10.149999618530273,10.175000190734863,9.670000076293945,9.949999809265137,598200,0,0
2021-11-29,10.020000457763672,10.0600004196167,9.699999809265137,9.760000228881836,603000,0,0
2021-11-30,9.760000228881836,10.1899995803833,9.699999809265137,10.0600004196167,672800,0,0
2021-12-01,10.420000076293945,10.619999885559082,9.850000381469727,9.859999656677246,729900,0,0
2021-12-02,10.300000190734863,10.300000190734863,9.5,9.619999885559082,1131000,0,0
2021-12-03,9.619999885559082,9.640000343322754,9.319999694824219,9.539999961853027,575800,0,0
2021-12-06,9.579999923706055,10.01099967956543,9.359999656677246,9.819999694824219,366500,0,0
2021-12-07,10.09000015258789,10.65999984741211,9.979999542236328,10.350000381469727,1306000,0,0
2021-12-08,10.539999961853027,10.619999885559082,10.100000381469727,10.399999618530273,485100,0,0
2021-12-09,10.279999732971191,10.390000343322754,9.850000381469727,9.869999885559082,569900,0,0
2021-12-10,10.010000228881836,10.229999542236328,9.59000015258789,9.65999984741211,363300,0,0
2021-12-13,9.75,10.145000457763672,9.5600004196167,9.619999885559082,988600,0,0
2021-12-14,9.4399995803833,9.6899995803833,9.100000381469727,9.329999923706055,883600,0,0
2021-12-15,9.430000305175781,9.449999809265137,8.930000305175781,9.109999656677246,1790700,0,0
2021-12-16,9.079999923706055,9.595000267028809,9.029999732971191,9.069999694824219,929500,0,0
2021-12-17,9.199999809265137,9.510000228881836,8.670000076293945,9.489999771118164,4994600,0,0
2021-12-20,9.25,9.300000190734863,8.569999694824219,9.020000457763672,864100,0,0
2021-12-21,9.109999656677246,9.640000343322754,9.020000457763672,9.609999656677246,584700,0,0
2021-12-22,9.600000381469727,10.0600004196167,9.430000305175781,10.029999732971191,498000,0,0
2021-12-23,10.100000381469727,10.390000343322754,9.850000381469727,10.199999809265137,782900,0,0
2021-12-27,10.119999885559082,10.119999885559082,9.680000305175781,9.760000228881836,453800,0,0
2021-12-28,9.819999694824219,9.9399995803833,9.220000267028809,9.270000457763672,510900,0,0
2021-12-29,9.260000228881836,9.329999923706055,9.020000457763672,9.1899995803833,367900,0,0
2021-12-30,9.1899995803833,9.470000267028809,9.1899995803833,9.300000190734863,440700,0,0
2021-12-31,9.319999694824219,9.479999542236328,9.229999542236328,9.239999771118164,664600,0,0
2022-01-03,9.3100004196167,9.670000076293945,9.050000190734863,9.569999694824219,729300,0,0
2022-01-04,9.630000114440918,9.670000076293945,8.850000381469727,8.890000343322754,707700,0,0
2022-01-05,9.114999771118164,9.114999771118164,8.399999618530273,8.399999618530273,832400,0,0
2022-01-06,8.399999618530273,8.84000015258789,8.210000038146973,8.449999809265137,593600,0,0
2022-01-07,8.539999961853027,8.585000038146973,8.1850004196167,8.220000267028809,508300,0,0
2022-01-10,8.350000381469727,8.380000114440918,8.020000457763672,8.329999923706055,834600,0,0
2022-01-11,8.390000343322754,8.770000457763672,8.149999618530273,8.760000228881836,522100,0,0
2022-01-12,8.770000457763672,8.869999885559082,8.3100004196167,8.380000114440918,824100,0,0
2022-01-13,8.4399995803833,8.890000343322754,8.1899995803833,8.220000267028809,685500,0,0
2022-01-14,8.130000114440918,8.449999809265137,8.0,8.420000076293945,665300,0,0
2022-01-18,8.199999809265137,8.25,7.639999866485596,7.670000076293945,1024300,0,0
2022-01-19,7.730000019073486,8.0,7.630000114440918,7.71999979019165,772600,0,0
2022-01-20,7.829999923706055,8.260000228881836,7.630000114440918,7.630000114440918,639700,0,0
2022-01-21,7.53000020980835,7.789999961853027,7.300000190734863,7.309999942779541,774100,0,0
2022-01-24,7.130000114440918,7.550000190734863,6.869999885559082,7.53000020980835,1078300,0,0
2022-01-25,7.380000114440918,7.670000076293945,7.139999866485596,7.46999979019165,829400,0,0
2022-01-26,7.570000171661377,7.739999771118164,7.199999809265137,7.320000171661377,942600,0,0
2022-01-27,7.409999847412109,7.460000038146973,6.829999923706055,6.909999847412109,713000,0,0
2022-01-28,7.059999942779541,7.119999885559082,6.690000057220459,7.110000133514404,711100,0,0
2022-01-31,7.090000152587891,7.760000228881836,7.090000152587891,7.690000057220459,801600,0,0
2022-02-01,7.690000057220459,7.690000057220459,7.289999961853027,7.400000095367432,677900,0,0
2022-02-02,7.420000076293945,7.489999771118164,7.139999866485596,7.179999828338623,717300,0,0
2022-02-03,7.139999866485596,7.349999904632568,7.0,7.059999942779541,941200,0,0
2022-02-04,7.019999980926514,7.269999980926514,6.96999979019165,7.190000057220459,809600,0,0
2022-02-07,7.25,7.559999942779541,7.25,7.480000019073486,591800,0,0
2022-02-08,7.420000076293945,7.639999866485596,7.320000171661377,7.639999866485596,137749,0,0
